1 0.41796875 0.29921875 0.084375 0.08671875
1 0.153125 0.484375 0.0921875 0.08671875
1 0.76328125 0.596875 0.1046875 0.08046875
0 0.37109375 0.41953125 0.0921875 0.07265625
0 0.56875 0.2453125 0.10234375 0.08984375
0 0.74765625 0.42578125 0.1078125 0.0828125
0 0.6265625 0.76015625 0.1 0.07578125
2 0.47109375 0.62109375 0.125 0.075
2 0.61015625 0.44296875 0.09609375 0.07890625
1 0.12599206406250002 0.503472221875 0.134589946875 0.5071924609375 0.1415343921875 0.5086805562500001 0.16071428593749998 0.5086805562500001 0.166335978125 0.516369046875 0.1749338625 0.5210813484375 0.1822089953125 0.521329365625 0.18849206406250002 0.5178571421875 0.1894841265625 0.5081845234375 0.1855158734375 0.502728175 0.1835317453125 0.49603174531249994 0.1888227515625 0.48759920625 0.18915343906249998 0.47594246093750003 0.184193121875 0.46676587343750003 0.1742724875 0.4585813484375 0.1640211640625 0.4546130953125 0.15641534375 0.453125 0.14451058125 0.452876984375 0.134589946875 0.4546130953125 0.1269841265625 0.45758928593750003 0.11739417968750002 0.46428571406249997 0.11342592656249999 0.46924603125 0.11078042343750001 0.47569444375 0.1104497359375 0.48363095312500004 0.1137566140625 0.49156746093750003 0.1207010578125 0.5 0.12599206406250002 0.503472221875
0 0.33399470937500003 0.4484126984375 0.346230159375 0.44890872968749995 0.3551587296875 0.4451884921875 0.3726851859375 0.4479166671875 0.389880953125 0.446428571875 0.396825396875 0.4439484125 0.403769840625 0.43973214218749995 0.4113756609375 0.43154761875 0.4140211640625 0.42559523749999995 0.4140211640625 0.415178571875 0.408730159375 0.4047619046875 0.403769840625 0.39930555624999997 0.3978174609375 0.3953373015625 0.3855820109375 0.39112103125000003 0.3710317453125 0.39012896874999997 0.36375661406250004 0.39112103125000003 0.35648148125 0.393601190625 0.3501984125 0.396825396875 0.34325396874999997 0.40252976250000005 0.3373015875 0.412946428125 0.33697089999999996 0.4203869046875 0.3389550265625 0.4310515875 0.33134920625 0.437251984375 0.33399470937500003 0.4484126984375
1 0.403108465625 0.31572420625 0.4077380953125 0.3172123015625 0.41732804218749997 0.3179563484375 0.4169973546875 0.3244047625 0.4206349203125 0.3323412703125 0.4242724875 0.3335813484375 0.42890211562499997 0.33928571406249997 0.4328703703125 0.3390376984375 0.44179894218750004 0.3268849203125 0.44080687812499997 0.3172123015625 0.43948412656249997 0.315476190625 0.4375 0.315228175 0.4375 0.3142361109375 0.447089946875 0.3072916671875 0.4513888890625 0.30133928593750003 0.45370370312499997 0.2951388890625 0.453373015625 0.284226190625 0.4500661375 0.2765376984375 0.44609788437500003 0.27157738125 0.4384920640625 0.265873015625 0.42890211562499997 0.2619047625 0.41931216875 0.2601686515625 0.4080687828125 0.2606646828125 0.397156084375 0.2638888890625 0.387896825 0.2698412703125 0.3826058203125 0.27678571406249997 0.38062169375 0.28224206406249996 0.38062169375 0.294146825 0.3869047625 0.3040674609375 0.397156084375 0.3125 0.403108465625 0.31572420625
0 0.5509259265625001 0.2620530984375 0.5522486765625 0.267509446875 0.5519179890625 0.275693971875 0.5535714281249999 0.27693405000000004 0.5585317453124999 0.2779261140625 0.5585317453124999 0.28189436875 0.5611772484374999 0.285118575 0.5621693125 0.283134446875 0.5671296296875 0.28239040000000004 0.56812169375 0.27916619374999996 0.5740740734374999 0.2744538921875 0.5767195765625 0.266517384375 0.59358465625 0.2593249234375 0.603174603125 0.250892384375 0.6074735453125 0.2432038921875 0.609126984375 0.23601143125 0.608796296875 0.22956301875000001 0.60681216875 0.223362621875 0.5995370375 0.21393801875000001 0.5896164015625 0.207737621875 0.5793650796875001 0.20476143125 0.566137565625 0.204513415625 0.5585317453124999 0.20600151093750002 0.546296296875 0.211457859375 0.5386904765625 0.21815428906249998 0.533730159375 0.22633881250000001 0.5324074078125001 0.23725151093750002 0.5350529093749999 0.2466761140625 0.5403439156250001 0.25411659062499997 0.5509259265625001 0.2620530984375
2 0.5830026453125 0.45634920625 0.5790343921875001 0.4637896828125 0.578373015625 0.46924603125 0.5800264546875 0.47445436562500004 0.583664021875 0.47718253906249997 0.59424603125 0.4751984125 0.60648148125 0.46527777812500004 0.6246693125 0.46155753906249997 0.6339285718750001 0.45758928593750003 0.6428571421875 0.450148809375 0.6471560843749999 0.440476190625 0.6471560843749999 0.4295634921875 0.6445105812499999 0.4228670640625 0.640211640625 0.41741071406249997 0.6319444437499999 0.41220238125 0.615740740625 0.4074900796875 0.6011904765625 0.4079861109375 0.5886243390625 0.412946428125 0.578703703125 0.42113095312500004 0.5744047625 0.430803571875 0.57473545 0.44097222187499996 0.577711640625 0.44742063437499996 0.5830026453125 0.4541170640625 0.5830026453125 0.45634920625
0 0.7169312171875 0.46006944375 0.7228835984375 0.45684523749999995 0.7255290999999999 0.45758928593750003 0.73181216875 0.4541170640625 0.7334656078124999 0.4516369046875 0.746693121875 0.453125 0.7569444437499999 0.453125 0.7668650796875001 0.4513888890625 0.7767857140625 0.44717261875 0.787367725 0.4384920640625 0.790674603125 0.43377976250000005 0.7929894187500001 0.4268353171875 0.7919973546875 0.41617063437499996 0.783730159375 0.4045138890625 0.771164021875 0.3970734125 0.7582671953125 0.3943452375 0.7417328046875 0.3953373015625 0.7265211640625 0.4015376984375 0.7179232796874999 0.408978175 0.7132936515625 0.4166666671875 0.7119709000000001 0.4273313484375 0.715608465625 0.4384920640625 0.7099867718749999 0.4427083328125 0.7053571421875 0.450396825 0.7053571421875 0.45882936562500004 0.70667989375 0.46031746093750003 0.7099867718749999 0.4605654765625 0.7169312171875 0.46006944375
2 0.44146825468750006 0.6483134921875 0.45502645468749997 0.6512896828125 0.4675925921875 0.6510416671875 0.48247354531250003 0.646825396875 0.49305555625 0.6388888890625 0.49801587343750003 0.630704365625 0.5 0.61904761875 0.5079365078125 0.6138392859375 0.5115740734374999 0.60887896875 0.5119047625 0.6006944437499999 0.50628306875 0.5984623015625 0.4874338625 0.59970238125 0.47850529062499997 0.5959821421875 0.4669312171875 0.59375 0.447089946875 0.593998015625 0.44345238125 0.5949900796875001 0.44312169375000005 0.596230159375 0.4358465609375 0.59970238125 0.43088624375 0.6041666671875 0.42394179843749996 0.6163194437499999 0.42394179843749996 0.63095238125 0.4272486765625 0.63740079375 0.43121693125 0.6416170640625001 0.44146825468750006 0.6483134921875
0 0.5882936515625 0.7827380953125 0.5896164015625 0.7862103171875 0.5916005296875 0.78720238125 0.6021825390625 0.7881944437499999 0.6107804234375 0.7859623015625 0.6170634921875 0.7884424609375 0.6273148140625 0.7904265875 0.63723545 0.7904265875 0.6455026453125 0.7889384921875 0.6550925921874999 0.7849702375 0.6607142859375 0.78125 0.6666666671875 0.7740575390625 0.6696428578125 0.7673611109375 0.6706349203124999 0.762896825 0.6699735453125 0.7549603171875 0.6640211640625 0.7428075390625 0.6547619046875 0.734375 0.6474867718749999 0.7306547625 0.637896825 0.7279265875 0.6207010578125 0.7276785718750001 0.6071428578125 0.7321428578125 0.599867725 0.736855159375 0.5955687828125 0.7413194437499999 0.5916005296875 0.7480158734375 0.590277778125 0.7537202375 0.590277778125 0.7636408734375 0.5919312171875 0.7725694437499999 0.5882936515625 0.7800099203124999 0.5882936515625 0.7827380953125