0 0.52109375 0.39453125 0.20625 0.15390625
0 0.85 0.60234375 0.21875 0.184375
0 0.90703125 0.909375 0.1859375 0.18125
2 0.67421875 0.81015625 0.19453125 0.1609375
2 0.22109375 0.48515625 0.20078125 0.16953125
2 0.1890625 0.78828125 0.21796875 0.171875
1 0.93125 0.36640625 0.13671875 0.19375
2 0.1544312171875 0.5248015875 0.1544312171875 0.52802579375 0.1498015875 0.5349702375 0.1504629625 0.543402778125 0.1613756609375 0.5570436515625 0.165674603125 0.560019840625 0.1699735453125 0.5610119046875 0.1825396828125 0.5605158734375 0.19345238125 0.55654761875 0.1994047625 0.55282738125 0.20833333281250002 0.544146825 0.234457671875 0.544146825 0.246693121875 0.5429067453124999 0.2605820109375 0.5394345234375 0.277447090625 0.5327380953125 0.2956349203125 0.5200892859375 0.3005952375 0.51512896875 0.30621693125 0.5044642859375 0.3111772484375 0.48784722187499996 0.31150793593750004 0.4761904765625 0.308862434375 0.466021825 0.3005952375 0.45089285781250005 0.2896825390625 0.4389880953125 0.2794312171875 0.43154761875 0.2635582015625 0.4236111109375 0.24338624375 0.41765872968749995 0.227843915625 0.415674603125 0.20899470937500003 0.41592261875 0.1914682546875 0.41865079375 0.17361111093749998 0.424603175 0.1636904765625 0.4298115078125 0.1514550265625 0.4389880953125 0.1415343921875 0.44990079375 0.1355820109375 0.4613095234375 0.1322751328125 0.47470238125 0.13194444375 0.4858630953125 0.134589946875 0.49801587343750003 0.14087301562500001 0.50967261875 0.1544312171875 0.5248015875
2 0.1233465609375 0.8482142859374999 0.1458333328125 0.859623015625 0.15575396875 0.862847221875 0.1676587296875 0.8638392859374999 0.191137565625 0.8635912703124999 0.20271164062499997 0.862103175 0.21296296250000002 0.859375 0.23115079375 0.8526785718750001 0.252645503125 0.8392857140625001 0.262896825 0.8301091265625 0.2731481484375 0.8169642859374999 0.278769840625 0.8055555562500001 0.28141534375 0.7916666671875 0.28108465625 0.7765376984375 0.2764550265625 0.762152778125 0.26917989375 0.7512400796875001 0.259589946875 0.7418154765625 0.2486772484375 0.734375 0.23611111093749998 0.72842261875 0.22123015937499999 0.7239583328125 0.20833333281250002 0.722222221875 0.191137565625 0.72197420625 0.1749338625 0.7242063484375 0.1547619046875 0.7301587296875 0.14087301562500001 0.736855159375 0.12599206406250002 0.747023809375 0.11739417968750002 0.7552083328125 0.10681216874999999 0.768601190625 0.1008597890625 0.7802579359374999 0.097222221875 0.793402778125 0.097552909375 0.80927579375 0.10284391562499999 0.8244047625 0.11243386250000001 0.83779761875 0.1233465609375 0.8482142859374999
2 0.6114417984375 0.8551587296875001 0.6246693125 0.865575396875 0.6382275125 0.8727678578125 0.6785714281249999 0.8829365078125001 0.6858465609375 0.8839285718750001 0.696759259375 0.8831845234375001 0.7301587296875 0.8680555562500001 0.740740740625 0.8606150796875 0.747023809375 0.8546626984374999 0.7546296296875 0.844494046875 0.7585978843750001 0.8365575390625001 0.7619047625 0.824652778125 0.76223545 0.8115079359375 0.7582671953125 0.7948908734375 0.7519841265625 0.7832341265625 0.7410714281249999 0.7705853171875 0.7278439156250001 0.7601686515625 0.7119709000000001 0.7519841265625 0.6947751328125 0.7462797625 0.677910053125 0.7435515875 0.6617063484375 0.743799603125 0.6428571421875 0.747271825 0.6236772484374999 0.7544642859375 0.6111111109375 0.763144840625 0.6005290999999999 0.7740575390625 0.59325396875 0.7864583328125 0.5892857140625 0.799851190625 0.5889550265625 0.81299603125 0.5919312171875 0.8261408734375 0.6008597890625 0.8427579359375 0.6114417984375 0.8551587296875001
0 1 0.9151785718750001 0.9927248671875001 0.906498015625 0.9801587296875001 0.8953373015625001 0.9510582015625 0.877728175 0.9494047625 0.856646825 0.9447751328124999 0.84970238125 0.940145503125 0.846726190625 0.9361772484375 0.8335813484375001 0.933862434375 0.8303571421875 0.9298941796875001 0.82762896875 0.9259259265625 0.8263888890625 0.9169973546874999 0.82762896875 0.915674603125 0.8296130953124999 0.9146825390625001 0.8415178578125 0.8998015875 0.84424603125 0.8955026453125001 0.849950396875 0.8925264546875 0.86532738125 0.889880953125 0.872271825 0.8664021156249999 0.880704365625 0.85648148125 0.8859126984374999 0.846891534375 0.893105159375 0.840939153125 0.8998015875 0.833664021875 0.9117063484375001 0.8293650796875 0.9263392859374999 0.8293650796875 0.9454365078125001 0.8326719578124999 0.9598214281249999 0.8359788359375001 0.9675099203125 0.840608465625 0.97470238125 0.8511904765624999 0.9863591265625 0.8584656078125 0.9928075390625001 0.86904761875 1 1 1 1 0.9151785718750001
0 0.76818783125 0.5853174609375 0.7619047625 0.5959821421875 0.7576058203125 0.60887896875 0.7572751328125 0.622271825 0.7605820109375 0.63467261875 0.7642195765625 0.6421130953125 0.7708333328125 0.6517857140625 0.7824074078125001 0.6634424609375 0.797619046875 0.6733630953125 0.81878306875 0.681795634375 0.8323412703124999 0.685019840625 0.8488756609375001 0.6865079359374999 0.86937830625 0.6855158734375 0.8792989421874999 0.6837797625 0.896164021875 0.6788194437499999 0.916005290625 0.669146825 0.9249338625 0.66220238125 0.9361772484375 0.6483134921875 0.940476190625 0.639880953125 0.94345238125 0.6269841265625 0.94312169375 0.615079365625 0.9384920640625 0.6006944437499999 0.9305555562500001 0.5890376984375 0.9209656078125 0.578373015625 0.896825396875 0.56299603125 0.8769841265625 0.556299603125 0.85615079375 0.55282738125 0.8214285718750001 0.55282738125 0.8201058203124999 0.549851190625 0.81845238125 0.549355159375 0.81845238125 0.546875 0.815476190625 0.546626984375 0.8144841265625 0.544146825 0.8022486765625001 0.533978175 0.7886904765625 0.528769840625 0.777777778125 0.527777778125 0.771825396875 0.530505953125 0.76818783125 0.534226190625 0.765542328125 0.543402778125 0.765211640625 0.5555555562500001 0.7774470906250001 0.57217261875 0.7774470906250001 0.575396825 0.76818783125 0.5853174609375
0 0.4543650796875 0.44717261875 0.47089947031249996 0.455853175 0.4917328046875 0.462053571875 0.5072751328125 0.4637896828125 0.5327380953125 0.46304563437499996 0.5492724875 0.45882936562500004 0.5625 0.45386904687499996 0.5707671953125 0.44940476250000005 0.5846560843749999 0.4389880953125 0.59424603125 0.42782738125 0.6005290999999999 0.415178571875 0.603505290625 0.4010416671875 0.6008597890625 0.377728175 0.6107804234375 0.36830357187499996 0.6114417984375 0.356398809375 0.6074735453125 0.3516865078125 0.6018518515625 0.3484623015625 0.5846560843749999 0.34474206406249996 0.5707671953125 0.3457341265625 0.5585317453124999 0.3395337296875 0.5416666671875 0.33407738125 0.5231481484375 0.33159722187499996 0.5105820109375 0.33159722187499996 0.49603174531249994 0.3330853171875 0.4702380953125 0.341021825 0.4609788359375 0.3459821421875 0.4507275125 0.35342261875 0.4421296296875 0.362103175 0.43518518593750005 0.3712797625 0.42890211562499997 0.384424603125 0.427910053125 0.389880953125 0.428240740625 0.40699404687499996 0.4328703703125 0.42261904687499996 0.4391534390625 0.4327876984375 0.4543650796875 0.44717261875
1 1 0.2852182546875 0.9864417984375 0.283730159375 0.9679232796875 0.283730159375 0.953373015625 0.2852182546875 0.9351851859375 0.2896825390625 0.9209656078125 0.2953869046875 0.9077380953124999 0.30282738125 0.8981481484374999 0.3102678578125 0.890873015625 0.3177083328125 0.8829365078125001 0.3301091265625 0.878306878125 0.34424603125000003 0.877976190625 0.356398809375 0.8802910046875001 0.3665674609375 0.8885582015625 0.38169642812500004 0.896494709375 0.389880953125 0.9047619046875001 0.3958333328125 0.916005290625 0.4012896828125 0.9421296296874999 0.40947420625 0.947420634375 0.41021825468750006 0.95568783125 0.4203869046875 0.959325396875 0.431299603125 0.9675925921875 0.43948412656249997 0.978505290625 0.443700396875 0.9887566140624999 0.4424603171875 0.9920634921874999 0.44097222187499996 1 0.434523809375 1 0.2852182546875