0 0.83515625 0.603125 0.084375 0.134375
0 0.54296875 0.2359375 0.078125 0.1375
0 0.3734375 0.596875 0.0875 0.146875
0 0.2828125 0.24765625 0.0921875 0.1375
2 0.49921875 0.3734375 0.078125 0.125
2 0.62734375 0.65078125 0.084375 0.128125
1 0.72109375 0.34140625 0.08125 0.115625
1 0.3359375 0.896875 0.1109375 0.128125
1 0.243799603125 0.3921957671875 0.2366071421875 0.396164021875 0.22693452343749998 0.40674603125 0.222222221875 0.4166666671875 0.2197420640625 0.4249338625 0.21875 0.43121693125 0.21875 0.4424603171875 0.2202380953125 0.45105820156250004 0.2234623015625 0.459986771875 0.2264384921875 0.465939153125 0.2306547625 0.471230159375 0.24330357187499999 0.48082010625000005 0.2547123015625 0.4834656078125 0.263144840625 0.4828042328125 0.27529761875 0.47585978906250004 0.283730159375 0.465939153125 0.2983630953125 0.4738756609375 0.309523809375 0.4742063484375 0.3105158734375 0.47288359843750005 0.3125 0.47288359843750005 0.3139880953125 0.46296296249999996 0.311755953125 0.45568783125 0.3077876984375 0.4520502640625 0.30580357187499996 0.447089946875 0.2921626984375 0.4378306875 0.2891865078125 0.422288359375 0.2824900796875 0.4077380953125 0.27430555624999997 0.3984788359375 0.26512896874999997 0.39318783125 0.25595238125 0.390873015625 0.250248015625 0.390873015625 0.243799603125 0.3921957671875
1 0.297123015625 0.865410053125 0.29365079375 0.872354496875 0.2894345234375 0.884920634375 0.28794642812500004 0.8958333328125001 0.28794642812500004 0.9080687828125 0.2919146828125 0.9269179890625001 0.30009920625 0.940476190625 0.31200396874999997 0.9490740734375 0.318700396875 0.9507275125 0.3266369046875 0.9507275125 0.3395337296875 0.9457671953125001 0.3457341265625 0.941137565625 0.356894840625 0.9262566140624999 0.361855159375 0.9110449734375001 0.37400793593750004 0.9103835984374999 0.3769841265625 0.90674603125 0.38194444375000003 0.9054232796875 0.38616071406249997 0.8984788359375001 0.3864087296875 0.89318783125 0.384920634375 0.887896825 0.3769841265625 0.877976190625 0.362351190625 0.874338625 0.3556547625 0.8607804234374999 0.346726190625 0.8505290999999999 0.3355654765625 0.8449074078125 0.3239087296875 0.8445767203125 0.314980159375 0.8475529093749999 0.309771825 0.8508597890624999 0.3033234125 0.85681216875 0.297123015625 0.865410053125
1 0.6939484125 0.3101851859375 0.6941964281249999 0.32473545000000004 0.6912202375 0.334656084375 0.689980159375 0.3445767203125 0.690972221875 0.3607804234375 0.6939484125 0.36904761875 0.700396825 0.378637565625 0.709325396875 0.3865740734375 0.71875 0.389880953125 0.7276785718750001 0.38955026406250004 0.7366071421875 0.38624338593749996 0.7425595234375 0.38161375625 0.749751984375 0.372354496875 0.752976190625 0.365410053125 0.75595238125 0.35482804218749997 0.7566964281249999 0.3422619046875 0.7544642859375 0.3296957671875 0.75049603125 0.3204365078125 0.7450396828125 0.313161375 0.737847221875 0.3075396828125 0.7279265875 0.303902115625 0.7137896828125 0.30555555624999997 0.7115575390625 0.30125661406250004 0.70907738125 0.299603175 0.70362103125 0.2992724875 0.6986607140625 0.3015873015625 0.6939484125 0.3101851859375
0 0.797619046875 0.5793650796875001 0.7978670640625001 0.6001984125 0.7991071421875 0.60582010625 0.8050595234375001 0.6197089953125 0.810019840625 0.6266534390625 0.815228175 0.6316137562499999 0.8301091265625 0.6395502640624999 0.831597221875 0.6474867718749999 0.8370535718750001 0.65608465625 0.843998015625 0.6603835984375 0.8457341265625 0.659722221875 0.8474702375 0.6541005296875 0.8519345234375001 0.6494709000000001 0.853670634375 0.6448412703125 0.8539186515624999 0.6359126984375 0.8635912703124999 0.6273148140625 0.8705357140625001 0.6164021156249999 0.874255953125 0.603835978125 0.875 0.5922619046875 0.8735119046875001 0.58134920625 0.8712797625 0.5744047625 0.8675595234375001 0.566137565625 0.862847221875 0.559854496875 0.8556547625 0.553240740625 0.8489583328125001 0.5492724875 0.8358134921874999 0.5456349203124999 0.822420634375 0.547619046875 0.8115079359375 0.5542328046875 0.8040674609374999 0.5638227515625001 0.797619046875 0.5793650796875001
0 0.51240079375 0.215608465625 0.5119047625 0.22685185156249998 0.512648809375 0.2354497359375 0.5168650796875001 0.2503306875 0.5220734125 0.25892857187499996 0.528521825 0.265542328125 0.5404265875 0.2708333328125 0.5424107140625 0.2804232796875 0.547619046875 0.29298941875 0.553075396875 0.2986111109375 0.5570436515625 0.2986111109375 0.560019840625 0.29596560781250003 0.563244046875 0.2883597890625 0.562251984375 0.283730159375 0.56299603125 0.2797619046875 0.5625 0.26455026406250004 0.5709325390625 0.2519841265625 0.575148809375 0.2423941796875 0.57762896875 0.23082010625 0.577876984375 0.21891534375 0.5766369046875 0.21031746093749998 0.5731646828125 0.1994047625 0.5701884921875 0.19378306875 0.5642361109375 0.18650793593749998 0.5545634921875 0.1802248671875 0.546875 0.178902115625 0.5394345234375 0.1795634921875 0.5324900796875001 0.1822089953125 0.5267857140625 0.1861772484375 0.5173611109375 0.1990740734375 0.51240079375 0.215608465625
0 0.3395337296875 0.5664682546875001 0.33680555624999997 0.5757275125 0.3358134921875 0.59358465625 0.33779761875 0.603835978125 0.34375 0.6180555562500001 0.353670634375 0.6292989421875 0.3635912703125 0.634259259375 0.3643353171875 0.6415343921875001 0.3673115078125 0.653439153125 0.3735119046875 0.65674603125 0.3762400796875 0.6626984125 0.3797123015625 0.6630290999999999 0.3824404765625 0.6577380953125 0.3831845234375 0.653439153125 0.38715277812500004 0.6488095234375 0.38715277812500004 0.6335978843750001 0.387896825 0.63095238125 0.4007936515625 0.6177248671875 0.40575396875 0.6081349203124999 0.408978175 0.596891534375 0.40997023749999995 0.5830026453125 0.40823412656249997 0.5707671953125 0.4052579359375 0.5621693125 0.40054563437499996 0.553240740625 0.39657738125 0.5486111109375 0.3854166671875 0.541005290625 0.37599206406249996 0.5386904765625 0.369295634375 0.5390211640625 0.356398809375 0.54365079375 0.35069444375000003 0.5486111109375 0.344494046875 0.55621693125 0.3395337296875 0.5664682546875001
0 0.268105159375 0.2000661375 0.2604166671875 0.203042328125 0.2549603171875 0.20667989375 0.24677579375 0.21693121718750003 0.24305555625 0.2251984125 0.2408234125 0.23478835937500003 0.240575396875 0.25099206406249996 0.2420634921875 0.258597884375 0.2462797625 0.2698412703125 0.25669642812500004 0.284391534375 0.26661706406249996 0.290674603125 0.2730654765625 0.2926587296875 0.2926587296875 0.290343915625 0.3053075390625 0.30026454999999996 0.311755953125 0.296957671875 0.31349206406249996 0.2999338625 0.3162202375 0.30125661406250004 0.3177083328125 0.2999338625 0.3174603171875 0.2956349203125 0.3199404765625 0.291335978125 0.3174603171875 0.2863756609375 0.3179563484375 0.2797619046875 0.30902777812500004 0.26752645468749997 0.3110119046875 0.25 0.30902777812500004 0.2334656078125 0.30654761875 0.22585978906249998 0.30282738125 0.21891534375 0.2956349203125 0.209656084375 0.2832341265625 0.2017195765625 0.2772817453125 0.2000661375 0.268105159375 0.2000661375
1 0.26484375 0.43828125 0.103125 0.11875
2 0.6135912703125 0.6177248671875 0.605902778125 0.6246693125 0.5982142859375 0.6369047625 0.5957341265625 0.64417989375 0.594494046875 0.6517857140625 0.593998015625 0.66898148125 0.596230159375 0.678240740625 0.6001984125 0.6871693125 0.6051587296875 0.6947751328125 0.60987103125 0.69973545 0.6202876984375 0.70667989375 0.6336805562500001 0.708664021875 0.6383928578125 0.7076719578125 0.6480654765625 0.702380953125 0.6574900796875001 0.691137565625 0.6609623015625 0.683862434375 0.6639384921875 0.6732804234375 0.6649305562500001 0.658730159375 0.6614583328125 0.6418650796875001 0.6550099203124999 0.6292989421875 0.6473214281249999 0.6210317453124999 0.637896825 0.615410053125 0.6354166671875 0.60582010625 0.6329365078125 0.6021825390625 0.6269841265625 0.596560846875 0.622023809375 0.5952380953125 0.6168154765625 0.6001984125 0.6140873015625 0.6071428578125 0.6135912703125 0.6177248671875
2 0.46527777812500004 0.35350529062499997 0.46453372968749995 0.3611111109375 0.46502976250000005 0.371362434375 0.468998015625 0.38392857187499996 0.4789186515625 0.3984788359375 0.48834325468750006 0.40410052968750004 0.502728175 0.40674603125 0.5079365078125 0.41765872968749995 0.512896825 0.4242724875 0.5173611109375 0.4272486765625 0.52157738125 0.428240740625 0.5260416671875 0.424603175 0.528273809375 0.4169973546875 0.5272817453124999 0.40641534375 0.5240575390625 0.396825396875 0.5230654765625 0.389880953125 0.5257936515625 0.384589946875 0.528521825 0.375661375 0.5297619046875 0.3677248671875 0.5297619046875 0.359126984375 0.528769840625 0.3511904765625 0.525545634375 0.340939153125 0.5178571421875 0.328703703125 0.509920634375 0.322420634375 0.5052083328125 0.3204365078125 0.4935515875 0.31911375625 0.487103175 0.321097884375 0.48214285781250005 0.3244047625 0.4739583328125 0.33267195781250003 0.4699900796875 0.3386243390625 0.46527777812500004 0.35350529062499997