1 0.43359375 0.7671875 0.14375 0.0953125
1 0.56328125 0.43359375 0.10390625 0.07109375
1 0.78359375 0.4421875 0.10546875 0.06953125
1 0.8578125 0.35234375 0.10625 0.09375
2 0.17265625 0.34140625 0.10390625 0.09375
2 0.3296875 0.3765625 0.128125 0.075
2 0.52890625 0.59375 0.14375 0.078125
2 0.88046875 0.603125 0.121875 0.0875
0 0.64765625 0.50625 0.10625 0.08515625
0 0.6765625 0.75859375 0.11953125 0.08671875
0 0.203125 0.596875 0.1421875 0.1015625
0 0.03984375 0.47421875 0.0796875 0.0921875
2 0.1448412703125 0.35342261875 0.14087301562500001 0.3673115078125 0.1481481484375 0.3712797625 0.146825396875 0.3799603171875 0.15013227499999998 0.3814484125 0.1603835984375 0.381200396875 0.16236772500000002 0.3804563484375 0.1626984125 0.377976190625 0.16501322812500002 0.3792162703125 0.1666666671875 0.3787202375 0.16865079375 0.372023809375 0.1739417984375 0.362351190625 0.190806878125 0.3616071421875 0.1990740734375 0.3581349203125 0.209325396875 0.34970238125 0.215277778125 0.3415178578125 0.21693121718750003 0.3373015875 0.2175925921875 0.3301091265625 0.215608465625 0.32217261875 0.2109788359375 0.3142361109375 0.20568783124999998 0.3085317453125 0.1924603171875 0.3020833328125 0.178571428125 0.2986111109375 0.1617063484375 0.2988591265625 0.15410052968750002 0.3008432546875 0.1458333328125 0.3045634921875 0.140211640625 0.3082837296875 0.1355820109375 0.31349206406249996 0.1302910046875 0.325644840625 0.1299603171875 0.3318452375 0.133597884375 0.3420138890625 0.140542328125 0.3501984125 0.1448412703125 0.35342261875
2 0.3022486765625 0.4045138890625 0.3105158734375 0.40625 0.3293650796875 0.40625 0.337632275 0.40401785781250005 0.3488756609375 0.396329365625 0.35482804218749997 0.3886408734375 0.35615079375 0.3888888890625 0.35681216875 0.393353175 0.37169312187500003 0.39384920625 0.375661375 0.391369046875 0.384259259375 0.3888888890625 0.3865740734375 0.38616071406249997 0.384920634375 0.3834325390625 0.3769841265625 0.38095238125 0.37400793593750004 0.37549603125000003 0.371362434375 0.37400793593750004 0.3571428578125 0.372519840625 0.35350529062499997 0.362103175 0.3445767203125 0.35243055624999997 0.334325396875 0.3474702375 0.32374338593749996 0.34474206406249996 0.3075396828125 0.344494046875 0.299603175 0.346478175 0.290343915625 0.35044642812500004 0.2804232796875 0.35887896874999997 0.2754629625 0.3695436515625 0.2757936515625 0.38169642812500004 0.2827380953125 0.393105159375 0.29398148125 0.4012896828125 0.3022486765625 0.4045138890625
2 0.5023148140625 0.6014384921875 0.5072751328125 0.6113591265625 0.5171957671875 0.6205357140625 0.5291005296875 0.62549603125 0.5400132281250001 0.627480159375 0.549603175 0.627480159375 0.559193121875 0.6259920640625001 0.5664682546875001 0.6235119046875 0.5760582015625 0.6183035718750001 0.5820105812499999 0.6113591265625 0.5866402109375 0.5949900796875001 0.5863095234375 0.5885416671875 0.5846560843749999 0.58407738125 0.5803571421875 0.577380953125 0.5760582015625 0.5731646828125 0.5648148140625 0.565972221875 0.5572089953125 0.5634920640625001 0.5489417984375 0.562251984375 0.5370370375 0.5625 0.5274470906250001 0.5647321421875 0.515873015625 0.5701884921875 0.5046296296875 0.5793650796875001 0.490740740625 0.5793650796875001 0.484788359375 0.5835813484375 0.47883597812499995 0.5860615078125 0.478174603125 0.5873015875 0.47850529062499997 0.591269840625 0.48809523749999995 0.5989583328125 0.49933862500000004 0.6001984125 0.5023148140625 0.6014384921875
2 0.84391534375 0.6111111109375 0.846230159375 0.61904761875 0.8528439156250001 0.628472221875 0.8624338625 0.6359126984375 0.877976190625 0.6418650796875001 0.8862433859375001 0.643105159375 0.8971560843749999 0.643105159375 0.9133597890624999 0.6396329359374999 0.9209656078125 0.6359126984375 0.927910053125 0.63095238125 0.934193121875 0.6205357140625 0.9355158734375 0.6138392859375 0.934854496875 0.60615079375 0.9325396828124999 0.599950396875 0.927579365625 0.593005953125 0.9176587296875001 0.5850694437499999 0.9077380953124999 0.580853175 0.8998015875 0.578869046875 0.8862433859375001 0.57762896875 0.875 0.578125 0.859788359375 0.5716765875 0.8389550265624999 0.5711805562500001 0.8333333328125001 0.5729166671875 0.83101851875 0.574652778125 0.83101851875 0.5833333328125 0.833994709375 0.5890376984375 0.8455687828125 0.597222221875 0.84391534375 0.6111111109375
1 0.64296875 0.2328125 0.1125 0.071875
0 0.6546875 0.3671875 0.09375 0.07109375
2 0.4125 0.234375 0.10078125 0.071875
2 0.3865740734375 0.2539682546875 0.3978174609375 0.2614087296875 0.40839947031249996 0.26512896874999997 0.42261904687499996 0.2668650796875 0.43386243437500005 0.2633928578125 0.4457671953125 0.25595238125 0.45105820156250004 0.25 0.4540343921875 0.2445436515625 0.45535714218749995 0.2321428578125 0.4520502640625 0.2224702375 0.44113756562499995 0.21130952343749998 0.4358465609375 0.20833333281250002 0.4242724875 0.2043650796875 0.41038359843750005 0.20362103125000003 0.3958333328125 0.2075892859375 0.391203703125 0.21006944375 0.3829365078125 0.21701388906250002 0.37599206406249996 0.2197420640625 0.36937830625 0.2266865078125 0.3700396828125 0.23363095312499998 0.3746693125 0.234623015625 0.3796296296875 0.2452876984375 0.3865740734375 0.2539682546875
1 0.6160714281249999 0.247023809375 0.6226851859375 0.2549603171875 0.6299603171875 0.25967261875 0.6458333328125 0.264880953125 0.6547619046875 0.26512896874999997 0.6696428578125 0.2604166671875 0.6802248671875 0.25322420625 0.688161375 0.24255952343749998 0.6898148140625 0.23115079375 0.6891534390625 0.22544642812500001 0.6865079359374999 0.2197420640625 0.6805555562500001 0.21304563437500001 0.6742724875 0.2085813484375 0.6613756609375 0.2043650796875 0.6498015875 0.20362103125000003 0.6392195765625 0.20560515937499999 0.6302910046875 0.209325396875 0.6203703703125 0.21676587343749998 0.6084656078124999 0.21602182499999997 0.6008597890625 0.2197420640625 0.596560846875 0.2232142859375 0.5978835984375 0.2304067453125 0.6054894187500001 0.2353670640625 0.612103175 0.2366071421875 0.6160714281249999 0.247023809375
0 0.028769840624999998 0.5076884921875 0.046296296875 0.5037202375 0.053571428125 0.5 0.060185185937499996 0.49404761875 0.0671296296875 0.48387896875 0.06878306875 0.478174603125 0.06878306875 0.471230159375 0.0638227515625 0.4595734125 0.053240740625000005 0.450148809375 0.046957671875 0.4466765875 0.0363756609375 0.4429563484375 0.0228174609375 0.44072420625 0.0115740734375 0.44072420625 0.000661375 0.4427083328125 0 0.505704365625 0.009259259374999999 0.5076884921875 0.021164021875 0.5081845234375 0.028769840624999998 0.5076884921875
0 0.15641534375 0.6227678578125 0.15608465625 0.6272321421875 0.16071428593749998 0.634424603125 0.17294973593750002 0.637152778125 0.17989417968750002 0.6369047625 0.184523809375 0.6336805562500001 0.20667989375 0.6326884921875 0.215608465625 0.631200396875 0.23148148124999998 0.625744046875 0.2380952375 0.621527778125 0.2453703703125 0.6148313484375 0.2516534390625 0.6004464281249999 0.2503306875 0.5873015875 0.24834656093750002 0.5825892859375 0.241402115625 0.5739087296875 0.23247354531250003 0.5679563484375 0.2265211640625 0.565476190625 0.209986771875 0.562251984375 0.1984126984375 0.562251984375 0.18915343906249998 0.5639880953125 0.18154761875 0.5664682546875001 0.1709656078125 0.5716765875 0.16071428593749998 0.580853175 0.15575396875 0.5920138890625 0.15575396875 0.6044146828125 0.1610449734375 0.615575396875 0.1610449734375 0.6180555562500001 0.15641534375 0.6227678578125
1 0.39517195781250003 0.778521825 0.40178571406249997 0.7904265875 0.40839947031249996 0.797619046875 0.41865079375 0.8040674609374999 0.43353174531249994 0.8082837296875001 0.4517195765625 0.8077876984374999 0.45899470937500003 0.8060515875 0.46957672031250003 0.8015873015625001 0.48379629687500003 0.79092261875 0.4897486765625 0.7772817453124999 0.4897486765625 0.7646329359374999 0.4857804234375 0.7547123015625 0.48048941875000006 0.747519840625 0.46858465625 0.7385912703125 0.45767195781250003 0.734375 0.44940476250000005 0.7328869046875 0.434523809375 0.7331349203124999 0.421626984375 0.7366071421875 0.4074074078125 0.7450396828125 0.3984788359375 0.7547123015625 0.3869047625 0.7547123015625 0.38326719531250003 0.755704365625 0.372354496875 0.7633928578125 0.372354496875 0.7708333328125 0.3763227515625 0.775545634375 0.3855820109375 0.777777778125 0.39517195781250003 0.778521825
0 0.64384920625 0.787450396875 0.65575396875 0.7931547625 0.66865079375 0.7958829359374999 0.678240740625 0.79637896875 0.690476190625 0.7948908734375 0.7013888890625 0.7904265875 0.7146164015625 0.7921626984375 0.71858465625 0.7901785718750001 0.7245370375 0.784226190625 0.7251984125 0.7792658734375 0.7232142859375 0.775049603125 0.7202380953125 0.7728174609375 0.721891534375 0.7576884921875 0.71825396875 0.7445436515625 0.7113095234375 0.7353670640625001 0.7040343921875001 0.7296626984375 0.6884920640625001 0.7224702375 0.677579365625 0.7204861109375 0.666005290625 0.7202380953125 0.65608465625 0.72197420625 0.6474867718749999 0.724950396875 0.6365740734374999 0.7321428578125 0.6319444437499999 0.737103175 0.627645503125 0.7445436515625 0.6253306875 0.752976190625 0.6253306875 0.762152778125 0.6316137562499999 0.7765376984375 0.6365740734374999 0.781994046875 0.64384920625 0.787450396875
0 0.6197089953125 0.5327380953125 0.6299603171875 0.5364583328125 0.6388888890625 0.5379464281249999 0.6524470906250001 0.5376984125 0.6666666671875 0.533978175 0.66931216875 0.533978175 0.6742724875 0.536954365625 0.683862434375 0.53720238125 0.688161375 0.5386904765625 0.69312169375 0.537450396875 0.69345238125 0.5354662703125 0.6917989421875 0.5329861109375 0.6924603171875 0.5243055562500001 0.6858465609375 0.5193452375 0.6888227515625001 0.5101686515625 0.6875 0.49652777812500004 0.68121693125 0.48635912656249997 0.67526455 0.481398809375 0.6673280421875 0.47718253906249997 0.6574074078125001 0.4737103171875 0.646825396875 0.47247023749999995 0.6382275125 0.47271825468750006 0.627976190625 0.47470238125 0.61937830625 0.478174603125 0.609788359375 0.48487103125 0.603835978125 0.4923115078125 0.6011904765625 0.49801587343750003 0.6005290999999999 0.509920634375 0.603174603125 0.5173611109375 0.609788359375 0.5260416671875 0.6197089953125 0.5327380953125
0 0.628306878125 0.3970734125 0.6392195765625 0.400049603125 0.6478174609375 0.4010416671875 0.6570767203125001 0.4010416671875 0.66865079375 0.39955357187499996 0.677579365625 0.3955853171875 0.6855158734375 0.389880953125 0.6927910046875 0.3814484125 0.6951058203125 0.3767361109375 0.6964285718750001 0.36904761875 0.6944444437499999 0.359126984375 0.6875 0.3487103171875 0.6769179890625 0.3415178578125 0.666335978125 0.3382936515625 0.6570767203125001 0.3373015875 0.64384920625 0.3387896828125 0.63062169375 0.338045634375 0.628306878125 0.3390376984375 0.6226851859375 0.3479662703125 0.6144179890625 0.3578869046875 0.6114417984375 0.3668154765625 0.6111111109375 0.3730158734375 0.6134259265625001 0.381200396875 0.6210317453124999 0.39161706406249996 0.628306878125 0.3970734125
1 0.7741402109375 0.471726190625 0.7959656078124999 0.471726190625 0.8082010578125001 0.46676587343750003 0.8138227515625 0.46304563437499996 0.8201058203124999 0.45659722187499996 0.825396825 0.44444444375 0.8240740734375 0.4322916671875 0.8214285718750001 0.4273313484375 0.8148148140625 0.4203869046875 0.8045634921874999 0.41493055625 0.7886904765625 0.4112103171875 0.7728174609375 0.41195436562500004 0.7579365078125 0.4169146828125 0.7460317453124999 0.42633928593750003 0.740410053125 0.437748015625 0.7410714281249999 0.44940476250000005 0.7476851859375 0.46031746093750003 0.753306878125 0.46428571406249997 0.7741402109375 0.471726190625
1 0.84424603125 0.3710317453125 0.8449074078125 0.3821924609375 0.8458994703125 0.3831845234375 0.8501984125 0.38368055624999997 0.8518518515625001 0.3926091265625 0.85582010625 0.39409722187499996 0.860119046875 0.39384920625 0.8617724875 0.3926091265625 0.8637566140624999 0.38715277812500004 0.8697089953124999 0.3856646828125 0.871362434375 0.38392857187499996 0.875661375 0.3737599203125 0.8726851859375 0.369295634375 0.8826058203124999 0.365079365625 0.8882275125 0.3613591265625 0.8981481484374999 0.349454365625 0.900132275 0.3420138890625 0.900132275 0.33407738125 0.8958333328125001 0.3244047625 0.8885582015625 0.3179563484375 0.8766534390625 0.3125 0.8680555562500001 0.3107638890625 0.85582010625 0.3107638890625 0.8488756609375001 0.311755953125 0.8359788359375001 0.31597222187499996 0.827711640625 0.32118055624999997 0.8194444437499999 0.330605159375 0.8164682546875 0.3382936515625 0.816137565625 0.3459821421875 0.8201058203124999 0.35615079375 0.8293650796875 0.365079365625 0.84424603125 0.3710317453125