1 0.58203125 0.70078125 0.084375 0.0875
1 0.846875 0.515625 0.0921875 0.0875
1 0.23671875 0.403125 0.1046875 0.08125
0 0.62890625 0.58046875 0.0921875 0.071875
0 0.43125 0.7546875 0.1015625 0.090625
0 0.25234375 0.57421875 0.1078125 0.0828125
0 0.3734375 0.23984375 0.1 0.075
2 0.52890625 0.37890625 0.125 0.075
2 0.38984375 0.55703125 0.096875 0.078125
1 0.8105158734375 0.4918154765625 0.8144841265625 0.497271825 0.8164682546875 0.5039682546875001 0.8111772484375 0.51240079375 0.8108465609375 0.5240575390625 0.815806878125 0.5332341265625 0.8257275125 0.5414186515625 0.8359788359375001 0.5453869046875 0.84358465625 0.546875 0.8554894187500001 0.547123015625 0.865410053125 0.5453869046875 0.8730158734375 0.5424107140625 0.8826058203124999 0.5357142859375 0.8865740734375 0.53075396875 0.8892195765625001 0.5243055562500001 0.8895502640625 0.516369046875 0.8862433859375001 0.5084325390625 0.8792989421874999 0.5 0.8740079359375 0.49652777812500004 0.865410053125 0.49280753906249997 0.8584656078125 0.49131944375 0.8392857140625001 0.49131944375 0.833664021875 0.48363095312500004 0.8250661375 0.4789186515625 0.8177910046875001 0.47867063437499996 0.8115079359375 0.48214285781250005 0.8105158734375 0.4918154765625
0 0.5859788359375 0.5744047625 0.5859788359375 0.5848214281249999 0.591269840625 0.5952380953125 0.596230159375 0.6006944437499999 0.6021825390625 0.6046626984375 0.6144179890625 0.60887896875 0.6289682546875001 0.60987103125 0.6362433859375 0.60887896875 0.64351851875 0.606398809375 0.6498015875 0.603174603125 0.65674603125 0.5974702375 0.6626984125 0.5870535718750001 0.6630290999999999 0.5796130953125 0.6610449734375 0.5689484125 0.66865079375 0.562748015625 0.666005290625 0.5515873015625 0.653769840625 0.5510912703125 0.6448412703125 0.5548115078125 0.6273148140625 0.5520833328125 0.610119046875 0.5535714281249999 0.603174603125 0.5560515875 0.596230159375 0.5602678578125 0.5886243390625 0.56845238125 0.5859788359375 0.5744047625
1 0.5582010578125 0.6731150796875001 0.559193121875 0.6827876984375 0.5605158734375 0.684523809375 0.5625 0.684771825 0.5625 0.6857638890625 0.552910053125 0.6927083328125 0.5486111109375 0.6986607140625 0.546296296875 0.7048611109375 0.546626984375 0.715773809375 0.5499338625 0.7234623015625 0.5539021156249999 0.72842261875 0.5615079359374999 0.734126984375 0.5710978843750001 0.7380952375 0.58068783125 0.7398313484375 0.5919312171875 0.7393353171875 0.6028439156250001 0.7361111109375 0.612103175 0.7301587296875 0.6173941796875 0.7232142859375 0.61937830625 0.7177579359374999 0.61937830625 0.705853175 0.6130952375 0.6959325390625 0.6028439156250001 0.6875 0.596891534375 0.68427579375 0.5922619046875 0.6827876984375 0.5826719578125 0.6820436515625 0.5830026453125 0.6755952375 0.5793650796875001 0.6676587296875 0.5757275125 0.6664186515625 0.5710978843750001 0.6607142859375 0.5671296296875 0.6609623015625 0.5582010578125 0.6731150796875001
0 0.4328703703125 0.7176096000000001 0.43187830624999995 0.72083380625 0.42592592656250006 0.7255461078125001 0.4232804234375 0.7334826156250001 0.40641534375 0.7406750765625 0.396825396875 0.7491076156250001 0.39252645468749997 0.7567961078125001 0.390873015625 0.76398856875 0.391203703125 0.77043698125 0.39318783125 0.776637378125 0.40046296249999996 0.78606198125 0.41038359843750005 0.792262378125 0.4206349203125 0.79523856875 0.43386243437500005 0.7954865843750001 0.44146825468750006 0.7939984890625 0.45370370312499997 0.7885421406249999 0.4613095234375 0.7818457109375 0.466269840625 0.7736611875 0.4675925921875 0.7627484890625 0.46494709062500006 0.7533238859375 0.459656084375 0.745883409375 0.44907407343749994 0.7379469015625 0.4477513234375 0.732490553125 0.4480820109375 0.724306028125 0.446428571875 0.72306595 0.44146825468750006 0.7220738859375 0.44146825468750006 0.71810563125 0.4388227515625 0.714881425 0.4378306875 0.716865553125 0.4328703703125 0.7176096000000001
2 0.36607142812500004 0.5424107140625 0.3571428578125 0.549851190625 0.352843915625 0.559523809375 0.352843915625 0.5704365078125 0.35548941875 0.5771329359374999 0.35978835937500003 0.5825892859375 0.36805555624999997 0.58779761875 0.384259259375 0.5925099203124999 0.3988095234375 0.5920138890625 0.4113756609375 0.5870535718750001 0.42129629687500003 0.578869046875 0.42559523749999995 0.5691964281249999 0.42526454999999996 0.559027778125 0.422288359375 0.552579365625 0.4169973546875 0.5458829359374999 0.4169973546875 0.54365079375 0.4209656078125 0.5362103171875 0.421626984375 0.53075396875 0.41997354531250003 0.525545634375 0.41633597812499995 0.5228174609375 0.40575396875 0.5248015875 0.39351851875 0.534722221875 0.3753306875 0.5384424609375 0.36607142812500004 0.5424107140625
0 0.2232142859375 0.55282738125 0.21263227499999998 0.5615079359374999 0.209325396875 0.5662202375 0.20701058125 0.5731646828125 0.20800264531249998 0.583829365625 0.21626984062500001 0.5954861109375 0.228835978125 0.6029265875 0.24173280468749997 0.6056547625 0.25826719531250003 0.6046626984375 0.2734788359375 0.5984623015625 0.2820767203125 0.591021825 0.2867063484375 0.5833333328125 0.28802910000000004 0.5726686515625 0.284391534375 0.5615079359374999 0.29001322812499997 0.5572916671875 0.2946428578125 0.549603175 0.2946428578125 0.541170634375 0.29332010625 0.5396825390625 0.29001322812499997 0.5394345234375 0.2830687828125 0.5399305562500001 0.2771164015625 0.5431547625 0.27447089999999996 0.5424107140625 0.26818783125 0.5458829359374999 0.26653439218749997 0.5483630953125 0.25330687812499997 0.546875 0.24305555625 0.546875 0.2331349203125 0.5486111109375 0.2232142859375 0.55282738125
2 0.48842592656250006 0.39112103125000003 0.48809523749999995 0.39930555624999997 0.49371693125 0.4015376984375 0.5125661375 0.40029761875 0.521494709375 0.40401785781250005 0.5330687828125 0.40625 0.552910053125 0.406001984375 0.55654761875 0.4050099203125 0.55687830625 0.403769840625 0.5641534390625 0.40029761875 0.5691137562499999 0.3958333328125 0.5760582015625 0.38368055624999997 0.5760582015625 0.36904761875 0.5727513234375 0.36259920625 0.56878306875 0.35838293593750004 0.5585317453124999 0.3516865078125 0.5449735453125 0.3487103171875 0.5324074078125001 0.3489583328125 0.5175264546875 0.353174603125 0.5069444437499999 0.3611111109375 0.5019841265625 0.369295634375 0.5 0.38095238125 0.4920634921875 0.38616071406249997 0.48842592656250006 0.39112103125000003
0 0.3544973546875 0.2110615078125 0.3449074078125 0.2150297625 0.33928571406249997 0.21875 0.3333333328125 0.22594246093749998 0.3303571421875 0.23263888906250002 0.3293650796875 0.23710317500000003 0.33002645468749997 0.24503968281250002 0.3359788359375 0.2571924609375 0.3452380953125 0.265625 0.35251322812499997 0.2693452375 0.362103175 0.2720734125 0.37929894218750004 0.27232142812500004 0.3928571421875 0.2678571421875 0.400132275 0.263144840625 0.4044312171875 0.25868055624999997 0.40839947031249996 0.2519841265625 0.40972222187499996 0.2462797625 0.40972222187499996 0.23635912656250002 0.4080687828125 0.22743055625 0.4117063484375 0.2199900796875 0.4117063484375 0.2172619046875 0.41038359843750005 0.21378968281250002 0.40839947031249996 0.21279761874999997 0.3978174609375 0.21180555625 0.3892195765625 0.2140376984375 0.3829365078125 0.21155753906250002 0.3726851859375 0.2095734125 0.36276454999999996 0.2095734125 0.3544973546875 0.2110615078125