1 0.56640625 0.2328125 0.14375 0.0953125
1 0.43671875 0.56640625 0.103125 0.071875
1 0.21640625 0.5578125 0.10625 0.06875
1 0.1421875 0.64765625 0.10625 0.09375
2 0.82734375 0.65859375 0.103125 0.09375
2 0.6703125 0.6234375 0.128125 0.075
2 0.47109375 0.40625 0.14375 0.078125
2 0.11953125 0.396875 0.121875 0.0875
0 0.35234375 0.49375 0.10625 0.084375
0 0.3234375 0.24140625 0.11875 0.0875
0 0.796875 0.403125 0.1421875 0.1015625
0 0.96015625 0.52578125 0.0796875 0.0921875
2 0.8349867718749999 0.6207837296875 0.8333333328125001 0.6212797625 0.83134920625 0.627976190625 0.8260582015625 0.637648809375 0.809193121875 0.6383928578125 0.8009259265625 0.6418650796875001 0.790674603125 0.65029761875 0.784722221875 0.6584821421875 0.7830687828125 0.6626984125 0.7824074078125001 0.6698908734375 0.784391534375 0.67782738125 0.7890211640625 0.6857638890625 0.79431216875 0.6914682546875001 0.8075396828124999 0.6979166671875 0.8214285718750001 0.7013888890625 0.8382936515624999 0.7011408734375 0.8458994703125 0.6991567453124999 0.8541666671874999 0.6954365078125 0.859788359375 0.6917162703125 0.8644179890625001 0.6865079359374999 0.8697089953124999 0.674355159375 0.8700396828124999 0.6681547625 0.8664021156249999 0.6579861109375 0.859457671875 0.6498015875 0.8551587296875001 0.64657738125 0.859126984375 0.6326884921875 0.8518518515625001 0.6287202375 0.853174603125 0.6200396828125 0.849867725 0.6185515875 0.8396164015625001 0.618799603125 0.837632275 0.6195436515625 0.8373015875 0.622023809375 0.8349867718749999 0.6207837296875
2 0.628306878125 0.60615079375 0.624338625 0.608630953125 0.615740740625 0.6111111109375 0.6134259265625001 0.6138392859375 0.615079365625 0.6165674609375 0.6230158734375 0.61904761875 0.6259920640625001 0.62450396875 0.628637565625 0.6259920640625001 0.6428571421875 0.627480159375 0.646494709375 0.637896825 0.6554232796874999 0.6475694437499999 0.665674603125 0.6525297625 0.6762566140625 0.6552579359374999 0.6924603171875 0.655505953125 0.700396825 0.653521825 0.7096560843749999 0.6495535718750001 0.7195767203125001 0.64112103125 0.7245370375 0.6304563484375 0.7242063484375 0.6183035718750001 0.7172619046875 0.606894840625 0.70601851875 0.5987103171875 0.6977513234375 0.5954861109375 0.6894841265625 0.59375 0.6706349203124999 0.59375 0.662367725 0.5959821421875 0.6511243390625 0.603670634375 0.6451719578125 0.6113591265625 0.64384920625 0.6111111109375 0.64318783125 0.606646825 0.628306878125 0.60615079375
2 0.42394179843749996 0.38169642812500004 0.41798941875000006 0.3886408734375 0.41335978906250004 0.4050099203125 0.4136904765625 0.4114583328125 0.415343915625 0.41592261875 0.41964285781250005 0.42261904687499996 0.42394179843749996 0.4268353171875 0.43518518593750005 0.43402777812500004 0.4427910046875 0.4365079359375 0.45105820156250004 0.437748015625 0.46296296249999996 0.4375 0.47255290937499994 0.43526785781250005 0.484126984375 0.4298115078125 0.4953703703125 0.4206349203125 0.509259259375 0.4206349203125 0.515211640625 0.4164186515625 0.521164021875 0.4139384921875 0.521825396875 0.4126984125 0.521494709375 0.408730159375 0.5119047625 0.4010416671875 0.500661375 0.3998015875 0.49768518593750005 0.3985615078125 0.49272486718749997 0.3886408734375 0.4828042328125 0.37946428593750003 0.47089947031249996 0.37450396874999997 0.459986771875 0.372519840625 0.450396825 0.372519840625 0.44080687812499997 0.37400793593750004 0.43353174531249994 0.3764880953125 0.42394179843749996 0.38169642812500004
2 0.0790343921875 0.3640873015625 0.072089946875 0.36904761875 0.065806878125 0.37946428593750003 0.0644841265625 0.38616071406249997 0.065145503125 0.39384920625 0.0674603171875 0.400049603125 0.072420634375 0.40699404687499996 0.0823412703125 0.41493055625 0.0922619046875 0.419146825 0.10019841249999999 0.42113095312500004 0.1137566140625 0.42237103125 0.125 0.421875 0.140211640625 0.4283234125 0.1610449734375 0.42881944375 0.1666666671875 0.4270833328125 0.16898148125 0.42534722187499996 0.16898148125 0.4166666671875 0.166005290625 0.4109623015625 0.1544312171875 0.40277777812500004 0.15608465625 0.3888888890625 0.15376984062500001 0.38095238125 0.147156084375 0.37152777812500004 0.1375661375 0.3640873015625 0.12202380937499999 0.3581349203125 0.1137566140625 0.356894840625 0.10284391562499999 0.356894840625 0.08664021093749999 0.36036706406249996 0.0790343921875 0.3640873015625
1 0.35703125 0.7671875 0.1125 0.071875
0 0.3453125 0.6328125 0.09375 0.071875
2 0.5875 0.765625 0.1 0.071875
2 0.5446428578125 0.7678571421875 0.5479497359375001 0.7775297625 0.558862434375 0.7886904765625 0.5641534390625 0.7916666671875 0.5757275125 0.7956349203124999 0.5896164015625 0.79637896875 0.6041666671875 0.7924107140625 0.608796296875 0.7899305562500001 0.6170634921875 0.7829861109375 0.6240079359374999 0.7802579359374999 0.63062169375 0.7733134921875 0.6299603171875 0.766369046875 0.6253306875 0.765376984375 0.6203703703125 0.7547123015625 0.6134259265625001 0.7460317453124999 0.6021825390625 0.7385912703125 0.5916005296875 0.73487103125 0.577380953125 0.7331349203124999 0.566137565625 0.7366071421875 0.5542328046875 0.74404761875 0.5489417984375 0.75 0.5459656078124999 0.7554563484375 0.5446428578125 0.7678571421875
1 0.3101851859375 0.76884920625 0.3108465609375 0.7745535718750001 0.31349206406249996 0.7802579359374999 0.31944444375000003 0.786954365625 0.3257275125 0.7914186515625 0.3386243390625 0.7956349203124999 0.3501984125 0.79637896875 0.3607804234375 0.794394840625 0.3697089953125 0.790674603125 0.3796296296875 0.7832341265625 0.39153439218749997 0.783978175 0.3991402109375 0.7802579359374999 0.403439153125 0.7767857140625 0.40211640156249995 0.7695932546875001 0.39451058125 0.7646329359374999 0.387896825 0.7633928578125 0.38392857187499996 0.752976190625 0.3773148140625 0.7450396828125 0.3700396828125 0.74032738125 0.3541666671875 0.735119046875 0.3452380953125 0.73487103125 0.3303571421875 0.7395833328125 0.3197751328125 0.74677579375 0.311838625 0.7574404765625 0.3101851859375 0.76884920625
0 0.946759259375 0.549851190625 0.953042328125 0.5533234125 0.9636243390624999 0.5570436515625 0.9771825390625001 0.55927579375 0.9884259265625 0.55927579375 0.999338625 0.5572916671875 1 0.49429563437499996 0.990740740625 0.4923115078125 0.978835978125 0.4918154765625 0.971230159375 0.4923115078125 0.953703703125 0.49627976250000005 0.9464285718750001 0.5 0.9398148140625 0.50595238125 0.9328703703125001 0.51612103125 0.93121693125 0.521825396875 0.93121693125 0.528769840625 0.9361772484375 0.5404265875 0.946759259375 0.549851190625
0 0.76851851875 0.374255953125 0.7619047625 0.37847222187499996 0.7546296296875 0.3851686515625 0.7483465609375 0.39955357187499996 0.7496693125 0.4126984125 0.7516534390625 0.41741071406249997 0.7585978843750001 0.42609127031250005 0.7675264546875 0.4320436515625 0.7734788359375 0.434523809375 0.7900132281250001 0.437748015625 0.8015873015625001 0.437748015625 0.8108465609375 0.4360119046875 0.81845238125 0.43353174531249994 0.8290343921875 0.4283234125 0.8392857140625001 0.419146825 0.84424603125 0.4079861109375 0.84424603125 0.3955853171875 0.8389550265624999 0.384424603125 0.8389550265624999 0.38194444375000003 0.84358465625 0.3772321421875 0.84391534375 0.3727678578125 0.8392857140625001 0.365575396875 0.8270502640625 0.36284722187499996 0.8201058203124999 0.3630952375 0.815476190625 0.36631944375000003 0.79332010625 0.3673115078125 0.784391534375 0.368799603125 0.76851851875 0.374255953125
1 0.516203703125 0.20907738125000003 0.5102513234375 0.2227182546875 0.5102513234375 0.2353670640625 0.5142195765625 0.2452876984375 0.5195105812499999 0.252480159375 0.53141534375 0.2614087296875 0.5423280421875 0.265625 0.5505952375 0.2671130953125 0.565476190625 0.2668650796875 0.578373015625 0.2633928578125 0.5925925921874999 0.2549603171875 0.6015211640625 0.2452876984375 0.6130952375 0.2452876984375 0.6167328046875 0.24429563437500001 0.627645503125 0.2366071421875 0.627645503125 0.22916666718749998 0.6236772484374999 0.22445436562499999 0.6144179890625 0.222222221875 0.6048280421875 0.22147817500000003 0.5982142859375 0.2095734125 0.5916005296875 0.20238095312499998 0.58134920625 0.19593253906250002 0.5664682546875001 0.1917162703125 0.5482804234375 0.1922123015625 0.541005290625 0.1939484125 0.5304232796874999 0.1984126984375 0.516203703125 0.20907738125000003
0 0.2754629625 0.215773809375 0.2748015875 0.22073412656250002 0.27678571406249997 0.224950396875 0.2797619046875 0.22718253906250002 0.278108465625 0.2423115078125 0.28174603125000003 0.2554563484375 0.2886904765625 0.26463293593750004 0.29596560781250003 0.2703373015625 0.31150793593750004 0.2775297625 0.322420634375 0.2795138890625 0.33399470937500003 0.2797619046875 0.34391534375 0.27802579375 0.35251322812499997 0.275049603125 0.3634259265625 0.2678571421875 0.36805555624999997 0.262896825 0.372354496875 0.2554563484375 0.3746693125 0.247023809375 0.3746693125 0.237847221875 0.36838624375 0.2234623015625 0.3634259265625 0.21800595312499998 0.35615079375 0.212549603125 0.34424603125000003 0.2068452375 0.33134920625 0.2041170640625 0.321759259375 0.20362103125000003 0.309523809375 0.20510912656250002 0.2986111109375 0.2095734125 0.2853835984375 0.2078373015625 0.28141534375 0.20982142812500001 0.2754629625 0.215773809375
0 0.311838625 0.4613095234375 0.30687830625 0.462549603125 0.30654761875 0.46453372968749995 0.30820105781249996 0.4670138890625 0.3075396828125 0.47569444375 0.3141534390625 0.48065476250000005 0.3111772484375 0.4898313484375 0.3125 0.503472221875 0.31878306875 0.5136408734375 0.32473545000000004 0.518601190625 0.33267195781250003 0.5228174609375 0.3425925921875 0.5262896828125 0.353174603125 0.5275297625 0.3617724875 0.5272817453124999 0.372023809375 0.52529761875 0.38062169375 0.521825396875 0.39021164062499997 0.51512896875 0.396164021875 0.5076884921875 0.3988095234375 0.5019841265625 0.39947089999999996 0.49007936562500004 0.396825396875 0.4826388890625 0.39021164062499997 0.4739583328125 0.3802910046875 0.4672619046875 0.3700396828125 0.4635416671875 0.3611111109375 0.462053571875 0.347552909375 0.4623015875 0.3333333328125 0.466021825 0.33068783125 0.466021825 0.3257275125 0.46304563437499996 0.316137565625 0.46279761875 0.311838625 0.4613095234375
0 0.3048941796875 0.6232638890625 0.30357142812500004 0.63095238125 0.30555555624999997 0.640873015625 0.3125 0.6512896828125 0.3230820109375 0.6584821421875 0.333664021875 0.6617063484375 0.3429232796875 0.6626984125 0.35615079375 0.6612103171875 0.36937830625 0.661954365625 0.37169312187500003 0.6609623015625 0.3773148140625 0.6520337296875 0.3855820109375 0.6421130953125 0.3885582015625 0.6331845234375 0.3888888890625 0.6269841265625 0.3865740734375 0.618799603125 0.3789682546875 0.6083829359374999 0.37169312187500003 0.6029265875 0.3607804234375 0.599950396875 0.3521825390625 0.5989583328125 0.3429232796875 0.5989583328125 0.33134920625 0.6004464281249999 0.322420634375 0.6044146828125 0.3144841265625 0.610119046875 0.3072089953125 0.6185515875 0.3048941796875 0.6232638890625
1 0.1851851859375 0.5796130953125 0.1954365078125 0.5850694437499999 0.21130952343749998 0.5887896828125 0.22718253906250002 0.588045634375 0.2420634921875 0.5830853171875 0.2539682546875 0.5736607140625 0.259589946875 0.562251984375 0.25892857187499996 0.5505952375 0.2523148140625 0.5396825390625 0.246693121875 0.5357142859375 0.22585978906249998 0.528273809375 0.2040343921875 0.528273809375 0.1917989421875 0.5332341265625 0.1861772484375 0.536954365625 0.17989417968750002 0.543402778125 0.174603175 0.5555555562500001 0.1759259265625 0.5677083328125 0.178571428125 0.5726686515625 0.1851851859375 0.5796130953125
1 0.13624338593750002 0.612847221875 0.1302910046875 0.6143353171875 0.128637565625 0.6160714281249999 0.124338625 0.6262400796875001 0.1273148140625 0.630704365625 0.11739417968750002 0.634920634375 0.11177248749999999 0.6386408734375 0.10185185156250001 0.650545634375 0.09986772499999999 0.6579861109375 0.09986772499999999 0.66592261875 0.1041666671875 0.6755952375 0.11144179843749999 0.6820436515625 0.1233465609375 0.6875 0.13194444375 0.6892361109375 0.14417989375 0.6892361109375 0.1511243390625 0.688244046875 0.1640211640625 0.684027778125 0.172288359375 0.6788194437499999 0.18055555625 0.669394840625 0.1835317453125 0.6617063484375 0.183862434375 0.6540178578125 0.17989417968750002 0.64384920625 0.1706349203125 0.634920634375 0.15575396875 0.6289682546875001 0.1550925921875 0.6178075390625 0.15410052968750002 0.6168154765625 0.1498015875 0.6163194437499999 0.1481481484375 0.6073908734375 0.14417989375 0.605902778125 0.13988095312499998 0.60615079375 0.1382275125 0.6073908734375 0.13624338593750002 0.612847221875