0 0.6484375 0.66171875 0.078125 0.06328125
0 0.8625 0.5359375 0.0703125 0.05546875
0 0.88828125 0.4390625 0.06640625 0.0484375
0 0.7984375 0.36875 0.09453125 0.05546875
0 0.26484375 0.79765625 0.09765625 0.09921875
2 0.63984375 0.73046875 0.07578125 0.05859375
2 0.49609375 0.6734375 0.1015625 0.05859375
2 0.46015625 0.4484375 0.07734375 0.0765625
2 0.6234375 0.315625 0.07734375 0.06484375
2 0.50625 0.18828125 0.09296875 0.075
1 0.64296875 0.38515625 0.07890625 0.05703125
1 0.7015625 0.521875 0.07578125 0.0609375
1 0.22265625 0.4015625 0.10546875 0.09140625
1 0.22421875 0.64921875 0.0921875 0.07578125
1 0.7390625 0.65546875 0.084375 0.053125
1 0.6339285718750001 0.41046627031250005 0.6448412703125 0.4109623015625 0.6607142859375 0.4074900796875 0.6640211640625 0.40550595312500004 0.6699735453125 0.3985615078125 0.6729497359375001 0.393105159375 0.6742724875 0.3834325390625 0.6732804234375 0.37847222187499996 0.6703042328125 0.3730158734375 0.6626984125 0.3665674609375 0.652777778125 0.3630952375 0.641203703125 0.361855159375 0.6269841265625 0.3648313484375 0.6207010578125 0.36805555624999997 0.615079365625 0.372519840625 0.610119046875 0.380704365625 0.609457671875 0.39012896874999997 0.6137566140625 0.40029761875 0.621362434375 0.406498015625 0.6339285718750001 0.41046627031250005
1 0.700396825 0.549851190625 0.7123015875 0.549355159375 0.7228835984375 0.5458829359374999 0.73148148125 0.5391865078125 0.7354497359375001 0.531498015625 0.734788359375 0.5223214281249999 0.7291666671875 0.5141369046875 0.721891534375 0.5091765875 0.7103174609375 0.505704365625 0.7070105812499999 0.4987599203125 0.6964285718750001 0.4945436515625 0.6927910046875 0.49553571406249997 0.6891534390625 0.49925595312500004 0.6888227515625001 0.5037202375 0.690806878125 0.5079365078125 0.6805555562500001 0.5141369046875 0.6749338625 0.5238095234375 0.67526455 0.5329861109375 0.6795634921875 0.5401785718750001 0.6888227515625001 0.546626984375 0.700396825 0.549851190625
1 0.73181216875 0.671875 0.7384259265625001 0.6758432546875001 0.7427248671875 0.6768353171875 0.7483465609375 0.677579365625 0.7619047625 0.6768353171875 0.771164021875 0.6731150796875001 0.7774470906250001 0.6669146828125 0.7804232796874999 0.658730159375 0.7797619046875 0.6520337296875 0.7748015875 0.644097221875 0.7638888890625 0.6369047625 0.753306878125 0.634424603125 0.740740740625 0.6351686515625 0.73115079375 0.6391369046875 0.7258597890625 0.64384920625 0.7228835984375 0.6498015875 0.722222221875 0.658978175 0.7099867718749999 0.6636904765625 0.70568783125 0.666170634375 0.703703703125 0.668898809375 0.7040343921875001 0.6741071421875 0.7123015875 0.6773313484375 0.7255290999999999 0.6763392859375 0.73181216875 0.671875
1 0.1878306875 0.66592261875 0.18683862499999998 0.6728670640625001 0.18849206406250002 0.6760912703125 0.1878306875 0.6803075390625 0.191137565625 0.6827876984375 0.19378306875 0.6820436515625 0.2043650796875 0.6827876984375 0.21891534375 0.674355159375 0.23181216875000002 0.6741071421875 0.24437830625 0.6703869046875 0.2513227515625 0.6666666671875 0.2572751328125 0.6617063484375 0.2615740734375 0.65674603125 0.2642195765625 0.6510416671875 0.264880953125 0.6416170640625001 0.2632275125 0.6364087296875 0.2605820109375 0.63095238125 0.2539682546875 0.6230158734375 0.2423941796875 0.6175595234375 0.23115079375 0.61532738125 0.2235449734375 0.615079365625 0.2146164015625 0.6163194437499999 0.20138888906250002 0.621527778125 0.1914682546875 0.6297123015625 0.1878306875 0.6351686515625 0.1855158734375 0.6423611109375 0.1851851859375 0.650545634375 0.18816137500000002 0.6607142859375 0.18683862499999998 0.6641865078125 0.1878306875 0.66592261875
1 0.21296296250000002 0.42385912656249997 0.2141133140625 0.431619840625 0.215277778125 0.4392361109375 0.2202380953125 0.4429563484375 0.227843915625 0.4424603171875 0.23776455 0.43402777812500004 0.24041005312500002 0.4233630953125 0.2519841265625 0.4169146828125 0.2619047625 0.403769840625 0.2632275125 0.400049603125 0.2625661375 0.388144840625 0.26124338593749996 0.3821924609375 0.25826719531250003 0.377480159375 0.2503306875 0.3702876984375 0.2397486765625 0.36532738125 0.228174603125 0.36284722187499996 0.21593915312499998 0.36284722187499996 0.20502645468749997 0.36532738125 0.19444444375 0.3702876984375 0.18683862499999998 0.3772321421875 0.18187830625 0.3866567453125 0.1822089953125 0.3990575390625 0.1871693125 0.409226190625 0.197420634375 0.41741071406249997 0.21296296250000002 0.42385912656249997
2 0.44411375625 0.48090277812500004 0.4580026453125 0.484126984375 0.4702380953125 0.4831349203125 0.48115079375 0.47867063437499996 0.4894179890625 0.471726190625 0.49437830624999995 0.4608134921875 0.49404761875 0.4541170640625 0.48842592656250006 0.4429563484375 0.48015872968749995 0.4365079359375 0.4705687828125 0.43303571406249997 0.4699074078125 0.428571428125 0.46660052968750004 0.4231150796875 0.4606481484375 0.41989087343750003 0.45535714218749995 0.4208829359375 0.44874338593749996 0.42633928593750003 0.446428571875 0.434523809375 0.4384920640625 0.437748015625 0.4328703703125 0.4424603171875 0.42890211562499997 0.4476686515625 0.4269179890625 0.45386904687499996 0.4269179890625 0.4637896828125 0.42890211562499997 0.46825396875 0.43419312187500003 0.47470238125 0.44411375625 0.48090277812500004
2 0.609126984375 0.3353174609375 0.621693121875 0.33482142812500004 0.6236772484374999 0.3360615078125 0.6365740734374999 0.338045634375 0.6388888890625 0.3397817453125 0.6425264546875 0.34052579375 0.64417989375 0.338045634375 0.64417989375 0.333829365625 0.6517857140625 0.32713293593750004 0.65608465625 0.3174603171875 0.6547619046875 0.306299603125 0.6511243390625 0.3008432546875 0.6451719578125 0.29588293593750004 0.6326058203125 0.2914186515625 0.622023809375 0.291170634375 0.615410053125 0.29241071406249997 0.6028439156250001 0.2991071421875 0.5995370375 0.3023313484375 0.5958994703125 0.30927579375 0.5958994703125 0.32118055624999997 0.6001984125 0.328869046875 0.60648148125 0.334325396875 0.609126984375 0.3353174609375
2 0.48644179843749996 0.21031746093749998 0.49404761875 0.2132936515625 0.500661375 0.2145337296875 0.5165343921875001 0.2140376984375 0.521825396875 0.21602182499999997 0.5274470906250001 0.21602182499999997 0.53108465625 0.2142857140625 0.534391534375 0.209325396875 0.5333994703125 0.20138888906250002 0.537367725 0.19469246093749998 0.5383597890625 0.1832837296875 0.5333994703125 0.17237103125 0.5234788359375 0.1641865078125 0.5165343921875001 0.1614583328125 0.5082671953125 0.1599702375 0.5013227515625001 0.1599702375 0.49305555625 0.1617063484375 0.4834656078125 0.16592261875 0.478174603125 0.17013888906250002 0.4742063484375 0.17534722187500001 0.471560846875 0.1820436515625 0.471230159375 0.190476190625 0.47321428593750003 0.196924603125 0.477513228125 0.203373015625 0.48644179843749996 0.21031746093749998
2 0.46924603125 0.6894841265625 0.4794973546875 0.688244046875 0.48809523749999995 0.6949404765625 0.49669312187500003 0.6989087296875 0.502976190625 0.700148809375 0.516203703125 0.69990079375 0.5274470906250001 0.6959325390625 0.5363756609375 0.688244046875 0.5396825390625 0.6827876984375 0.540674603125 0.6783234125 0.5396825390625 0.6666666671875 0.534391534375 0.6582341265625 0.5257936515625 0.6525297625 0.5119047625 0.6488095234375 0.5016534390625 0.6493055562500001 0.490410053125 0.652777778125 0.4831349203125 0.6577380953125 0.478174603125 0.6634424609375 0.4751984125 0.669394840625 0.4609788359375 0.6738591265625 0.4513888890625 0.6805555562500001 0.4507275125 0.68427579375 0.4517195765625 0.686755953125 0.45767195781250003 0.6894841265625 0.46924603125 0.6894841265625
2 0.6316137562499999 0.7552083328125 0.64351851875 0.7566964281249999 0.65575396875 0.7544642859375 0.6669973546875 0.7477678578125 0.671626984375 0.7413194437499999 0.6732804234375 0.7358630953125 0.6732804234375 0.7291666671875 0.6709656078124999 0.7224702375 0.6673280421875 0.7175099203124999 0.6600529093749999 0.7115575390625 0.6514550265625 0.7080853171875 0.6428571421875 0.706597221875 0.634920634375 0.706597221875 0.624338625 0.7095734125 0.6147486765625 0.716021825 0.608796296875 0.72470238125 0.609126984375 0.734623015625 0.6130952375 0.7435515875 0.621362434375 0.7509920640625001 0.6316137562499999 0.7552083328125
0 0.6458333328125 0.6887400796875001 0.659722221875 0.687748015625 0.6696428578125 0.684027778125 0.6749338625 0.6800595234375 0.6792328046875 0.674851190625 0.6832010578125 0.6646825390625 0.6808862437500001 0.65625 0.6742724875 0.6473214281249999 0.6646825390625 0.64112103125 0.652777778125 0.637896825 0.6388888890625 0.637896825 0.63062169375 0.64012896875 0.6207010578125 0.6470734125 0.6160714281249999 0.653769840625 0.6147486765625 0.6584821421875 0.615740740625 0.6698908734375 0.6230158734375 0.6798115078125 0.6316137562499999 0.6852678578125 0.6458333328125 0.6887400796875001
0 0.23644179843750002 0.83134920625 0.24107142812500001 0.8345734125 0.2519841265625 0.8390376984374999 0.266203703125 0.8400297625 0.27447089999999996 0.8390376984374999 0.284391534375 0.8358134921874999 0.296296296875 0.82862103125 0.30588624375 0.8164682546875 0.308862434375 0.8048115078125001 0.30621693125 0.794394840625 0.297619046875 0.783978175 0.28802910000000004 0.778769840625 0.2731481484375 0.77529761875 0.2668650796875 0.7633928578125 0.2635582015625 0.762896825 0.25694444375000003 0.7571924609375 0.25099206406249996 0.7569444437499999 0.2460317453125 0.759424603125 0.24503968281250002 0.762152778125 0.24503968281250002 0.7671130953125 0.24338624375 0.7693452375 0.24470899531249998 0.7822420640625001 0.23776455 0.78720238125 0.23247354531250003 0.7931547625 0.22685185156249998 0.8060515875 0.22685185156249998 0.8144841265625 0.22850529062499997 0.8204365078125001 0.23048941875 0.824652778125 0.23644179843750002 0.83134920625
0 0.8495370375 0.5540674609375 0.8611111109375 0.5570436515625 0.8730158734375 0.5560515875 0.884259259375 0.5518353171875 0.890211640625 0.546875 0.89384920625 0.5401785718750001 0.89384920625 0.5327380953125 0.8885582015625 0.5240575390625 0.8789682546875 0.518105159375 0.86871693125 0.515873015625 0.8554894187500001 0.5166170640625001 0.8485449734375001 0.5193452375 0.840608465625 0.525049603125 0.8356481484374999 0.534226190625 0.8353174609374999 0.5384424609375 0.8386243390624999 0.5456349203124999 0.841269840625 0.5486111109375 0.8495370375 0.5540674609375
0 0.8839285718750001 0.4583333328125 0.8958333328125001 0.4580853171875 0.90575396875 0.455605159375 0.9133597890624999 0.450396825 0.9169973546874999 0.4454365078125 0.91865079375 0.44072420625 0.9176587296875001 0.4325396828125 0.9130290999999999 0.42609127031250005 0.902777778125 0.4203869046875 0.8925264546875 0.41865079375 0.88062169375 0.41989087343750003 0.8710317453125 0.42385912656249997 0.865079365625 0.428571428125 0.8611111109375 0.43551587343750003 0.8611111109375 0.4429563484375 0.8647486765625001 0.44915674531249994 0.8726851859375 0.45510912656249997 0.8839285718750001 0.4583333328125
0 0.78141534375 0.38169642812500004 0.7883597890625 0.387648809375 0.7956349203124999 0.390873015625 0.8012566140624999 0.3921130953125 0.813161375 0.3921130953125 0.82473545 0.3883928578125 0.833664021875 0.38169642812500004 0.837632275 0.3737599203125 0.8379629625 0.36631944375000003 0.8333333328125001 0.3576388890625 0.827380953125 0.3529265875 0.8164682546875 0.3492063484375 0.8072089953124999 0.3487103171875 0.8015873015625001 0.349454365625 0.7926587296875 0.35243055624999997 0.7833994703125 0.359623015625 0.771494709375 0.35887896874999997 0.7678571421875 0.362351190625 0.7609126984375 0.362351190625 0.7589285718750001 0.3635912703125 0.7589285718750001 0.36607142812500004 0.7668650796875001 0.372271825 0.778108465625 0.374255953125 0.78141534375 0.38169642812500004