0 0.396875 0.83515625 0.134375 0.084375
0 0.7640625 0.54296875 0.1375 0.078125
0 0.403125 0.3734375 0.146875 0.0875
0 0.75234375 0.2828125 0.1375 0.0921875
2 0.6265625 0.49921875 0.125 0.078125
2 0.34921875 0.62734375 0.128125 0.084375
1 0.65859375 0.72109375 0.115625 0.08125
1 0.103125 0.3359375 0.128125 0.1109375
1 0.6078042328125 0.243799603125 0.603835978125 0.2366071421875 0.59325396875 0.22693452343749998 0.5833333328125 0.222222221875 0.5750661375 0.2197420640625 0.56878306875 0.21875 0.5575396828125 0.21875 0.5489417984375 0.2202380953125 0.5400132281250001 0.2234623015625 0.534060846875 0.2264384921875 0.528769840625 0.2306547625 0.51917989375 0.24330357187499999 0.5165343921875001 0.2547123015625 0.5171957671875 0.263144840625 0.5241402109375 0.27529761875 0.534060846875 0.283730159375 0.5261243390625 0.2983630953125 0.5257936515625 0.309523809375 0.5271164015625 0.3105158734375 0.5271164015625 0.3125 0.5370370375 0.3139880953125 0.54431216875 0.311755953125 0.5479497359375001 0.3077876984375 0.552910053125 0.30580357187499996 0.5621693125 0.2921626984375 0.577711640625 0.2891865078125 0.5922619046875 0.2824900796875 0.6015211640625 0.27430555624999997 0.60681216875 0.26512896874999997 0.609126984375 0.25595238125 0.609126984375 0.250248015625 0.6078042328125 0.243799603125
1 0.134589946875 0.297123015625 0.127645503125 0.29365079375 0.11507936562500001 0.2894345234375 0.1041666671875 0.28794642812500004 0.0919312171875 0.28794642812500004 0.0730820109375 0.2919146828125 0.059523809375 0.30009920625 0.0509259265625 0.31200396874999997 0.0492724875 0.318700396875 0.0492724875 0.3266369046875 0.054232804687500004 0.3395337296875 0.058862434374999995 0.3457341265625 0.07374338593749999 0.356894840625 0.0889550265625 0.361855159375 0.0896164015625 0.37400793593750004 0.09325396875 0.3769841265625 0.0945767203125 0.38194444375000003 0.1015211640625 0.38616071406249997 0.10681216874999999 0.3864087296875 0.112103175 0.384920634375 0.12202380937499999 0.3769841265625 0.12566137500000002 0.362351190625 0.1392195765625 0.3556547625 0.14947090000000002 0.346726190625 0.1550925921875 0.3355654765625 0.1554232796875 0.3239087296875 0.152447090625 0.314980159375 0.14914021093750002 0.309771825 0.14318783125 0.3033234125 0.134589946875 0.297123015625
1 0.6898148140625 0.6939484125 0.67526455 0.6941964281249999 0.6653439156250001 0.6912202375 0.6554232796874999 0.689980159375 0.6392195765625 0.690972221875 0.63095238125 0.6939484125 0.621362434375 0.700396825 0.6134259265625001 0.709325396875 0.610119046875 0.71875 0.6104497359375001 0.7276785718750001 0.6137566140625 0.7366071421875 0.6183862437500001 0.7425595234375 0.627645503125 0.749751984375 0.634589946875 0.752976190625 0.6451719578125 0.75595238125 0.6577380953125 0.7566964281249999 0.6703042328125 0.7544642859375 0.6795634921875 0.75049603125 0.686838625 0.7450396828125 0.6924603171875 0.737847221875 0.6960978843750001 0.7279265875 0.6944444437499999 0.7137896828125 0.6987433859375 0.7115575390625 0.700396825 0.70907738125 0.7007275125 0.70362103125 0.6984126984375 0.6986607140625 0.6898148140625 0.6939484125
0 0.4206349203125 0.797619046875 0.3998015875 0.7978670640625001 0.39417989375 0.7991071421875 0.3802910046875 0.8050595234375001 0.3733465609375 0.810019840625 0.36838624375 0.815228175 0.36044973593749996 0.8301091265625 0.35251322812499997 0.831597221875 0.34391534375 0.8370535718750001 0.3396164015625 0.843998015625 0.34027777812500004 0.8457341265625 0.3458994703125 0.8474702375 0.35052910000000004 0.8519345234375001 0.3551587296875 0.853670634375 0.3640873015625 0.8539186515624999 0.3726851859375 0.8635912703124999 0.383597884375 0.8705357140625001 0.396164021875 0.874255953125 0.4077380953125 0.875 0.41865079375 0.8735119046875001 0.42559523749999995 0.8712797625 0.43386243437500005 0.8675595234375001 0.440145503125 0.862847221875 0.446759259375 0.8556547625 0.4507275125 0.8489583328125001 0.4543650796875 0.8358134921874999 0.45238095312500004 0.822420634375 0.4457671953125 0.8115079359375 0.4361772484375 0.8040674609374999 0.4206349203125 0.797619046875
0 0.784391534375 0.51240079375 0.7731481484375 0.5119047625 0.7645502640624999 0.512648809375 0.7496693125 0.5168650796875001 0.7410714281249999 0.5220734125 0.734457671875 0.528521825 0.7291666671875 0.5404265875 0.7195767203125001 0.5424107140625 0.7070105812499999 0.547619046875 0.7013888890625 0.553075396875 0.7013888890625 0.5570436515625 0.7040343921875001 0.560019840625 0.7116402109375 0.563244046875 0.716269840625 0.562251984375 0.7202380953125 0.56299603125 0.7354497359375001 0.5625 0.7480158734375 0.5709325390625 0.7576058203125 0.575148809375 0.76917989375 0.57762896875 0.78108465625 0.577876984375 0.7896825390625 0.5766369046875 0.8005952375 0.5731646828125 0.80621693125 0.5701884921875 0.8134920640625 0.5642361109375 0.8197751328124999 0.5545634921875 0.8210978843750001 0.546875 0.8204365078125001 0.5394345234375 0.8177910046875001 0.5324900796875001 0.8138227515625 0.5267857140625 0.8009259265625 0.5173611109375 0.784391534375 0.51240079375
0 0.43353174531249994 0.3395337296875 0.4242724875 0.33680555624999997 0.40641534375 0.3358134921875 0.396164021875 0.33779761875 0.38194444375000003 0.34375 0.37070105781249996 0.353670634375 0.365740740625 0.3635912703125 0.35846560781250003 0.3643353171875 0.346560846875 0.3673115078125 0.34325396874999997 0.3735119046875 0.3373015875 0.3762400796875 0.33697089999999996 0.3797123015625 0.3422619046875 0.3824404765625 0.346560846875 0.3831845234375 0.3511904765625 0.38715277812500004 0.366402115625 0.38715277812500004 0.36904761875 0.387896825 0.3822751328125 0.4007936515625 0.3918650796875 0.40575396875 0.403108465625 0.408978175 0.4169973546875 0.40997023749999995 0.4292328046875 0.40823412656249997 0.4378306875 0.4052579359375 0.446759259375 0.40054563437499996 0.4513888890625 0.39657738125 0.45899470937500003 0.3854166671875 0.4613095234375 0.37599206406249996 0.4609788359375 0.369295634375 0.45634920625 0.356398809375 0.4513888890625 0.35069444375000003 0.44378306875 0.344494046875 0.43353174531249994 0.3395337296875
0 0.7999338625 0.268105159375 0.796957671875 0.2604166671875 0.79332010625 0.2549603171875 0.7830687828125 0.24677579375 0.7748015875 0.24305555625 0.765211640625 0.2408234125 0.7490079359374999 0.240575396875 0.7414021156249999 0.2420634921875 0.7301587296875 0.2462797625 0.715608465625 0.25669642812500004 0.709325396875 0.26661706406249996 0.7073412703125 0.2730654765625 0.7096560843749999 0.2926587296875 0.69973545 0.3053075390625 0.703042328125 0.311755953125 0.7000661375 0.31349206406249996 0.6987433859375 0.3162202375 0.7000661375 0.3177083328125 0.7043650796875001 0.3174603171875 0.708664021875 0.3199404765625 0.7136243390625 0.3174603171875 0.7202380953125 0.3179563484375 0.7324735453125 0.30902777812500004 0.75 0.3110119046875 0.7665343921875001 0.30902777812500004 0.7741402109375 0.30654761875 0.78108465625 0.30282738125 0.7903439156250001 0.2956349203125 0.7982804234375 0.2832341265625 0.7999338625 0.2772817453125 0.7999338625 0.268105159375
1 0.56171875 0.26484375 0.11875 0.103125
2 0.3822751328125 0.6135912703125 0.3753306875 0.605902778125 0.3630952375 0.5982142859375 0.35582010625 0.5957341265625 0.34821428593750003 0.594494046875 0.33101851875 0.593998015625 0.321759259375 0.596230159375 0.3128306875 0.6001984125 0.3052248671875 0.6051587296875 0.30026454999999996 0.60987103125 0.29332010625 0.6202876984375 0.291335978125 0.6336805562500001 0.29232804218749997 0.6383928578125 0.297619046875 0.6480654765625 0.308862434375 0.6574900796875001 0.316137565625 0.6609623015625 0.3267195765625 0.6639384921875 0.341269840625 0.6649305562500001 0.3581349203125 0.6614583328125 0.37070105781249996 0.6550099203124999 0.3789682546875 0.6473214281249999 0.384589946875 0.637896825 0.39417989375 0.6354166671875 0.3978174609375 0.6329365078125 0.403439153125 0.6269841265625 0.4047619046875 0.622023809375 0.3998015875 0.6168154765625 0.3928571421875 0.6140873015625 0.3822751328125 0.6135912703125
2 0.646494709375 0.46527777812500004 0.6388888890625 0.46453372968749995 0.628637565625 0.46502976250000005 0.6160714281249999 0.468998015625 0.6015211640625 0.4789186515625 0.5958994703125 0.48834325468750006 0.59325396875 0.502728175 0.5823412703125 0.5079365078125 0.5757275125 0.512896825 0.5727513234375 0.5173611109375 0.571759259375 0.52157738125 0.575396825 0.5260416671875 0.5830026453125 0.528273809375 0.59358465625 0.5272817453124999 0.603174603125 0.5240575390625 0.610119046875 0.5230654765625 0.615410053125 0.5257936515625 0.624338625 0.528521825 0.6322751328125 0.5297619046875 0.640873015625 0.5297619046875 0.6488095234375 0.528769840625 0.659060846875 0.525545634375 0.671296296875 0.5178571421875 0.677579365625 0.509920634375 0.6795634921875 0.5052083328125 0.6808862437500001 0.4935515875 0.6789021156249999 0.487103175 0.6755952375 0.48214285781250005 0.6673280421875 0.4739583328125 0.6613756609375 0.4699900796875 0.646494709375 0.46527777812500004