0 0.33828125 0.6484375 0.0625 0.078125
0 0.4640625 0.8625 0.05625 0.0703125
0 0.5609375 0.88828125 0.0484375 0.065625
0 0.63125 0.7984375 0.05625 0.09375
0 0.20234375 0.26484375 0.1 0.096875
2 0.26953125 0.63984375 0.059375 0.075
2 0.3265625 0.49609375 0.059375 0.1015625
2 0.5515625 0.46015625 0.0765625 0.078125
2 0.684375 0.6234375 0.065625 0.078125
2 0.81171875 0.50625 0.075 0.09375
1 0.61484375 0.64296875 0.05625 0.078125
1 0.478125 0.7015625 0.0609375 0.075
1 0.5984375 0.22265625 0.090625 0.10625
1 0.35078125 0.22421875 0.075 0.0921875
1 0.34453125 0.7390625 0.053125 0.084375
1 0.6269841265625 0.6703042328125 0.6334325390625 0.6626984125 0.6369047625 0.652777778125 0.638144840625 0.641203703125 0.6351686515625 0.6269841265625 0.6319444437499999 0.6207010578125 0.627480159375 0.615079365625 0.619295634375 0.610119046875 0.60987103125 0.609457671875 0.59970238125 0.6137566140625 0.593501984375 0.621362434375 0.5895337296875 0.6339285718750001 0.5890376984375 0.6448412703125 0.5925099203124999 0.6607142859375 0.594494046875 0.6640211640625 0.6014384921875 0.6699735453125 0.606894840625 0.6729497359375001 0.6165674609375 0.6742724875 0.621527778125 0.6732804234375 0.6269841265625 0.6703042328125
1 0.49429563437499996 0.7103174609375 0.5012400796875001 0.7070105812499999 0.5054563484375 0.6964285718750001 0.5044642859375 0.6927910046875 0.500744046875 0.6891534390625 0.49627976250000005 0.6888227515625001 0.4920634921875 0.690806878125 0.4858630953125 0.6805555562500001 0.4761904765625 0.6749338625 0.4670138890625 0.67526455 0.459821428125 0.6795634921875 0.453373015625 0.6888227515625001 0.450148809375 0.700396825 0.450644840625 0.7123015875 0.4541170640625 0.7228835984375 0.4608134921875 0.73148148125 0.468501984375 0.7354497359375001 0.477678571875 0.734788359375 0.4858630953125 0.7291666671875 0.4908234125 0.721891534375 0.49429563437499996 0.7103174609375
1 0.3479662703125 0.7797619046875 0.35590277812500004 0.7748015875 0.3630952375 0.7638888890625 0.365575396875 0.753306878125 0.3648313484375 0.740740740625 0.3608630953125 0.73115079375 0.35615079375 0.7258597890625 0.3501984125 0.7228835984375 0.341021825 0.722222221875 0.3363095234375 0.7099867718749999 0.333829365625 0.70568783125 0.331101190625 0.703703703125 0.3258928578125 0.7040343921875001 0.3226686515625 0.7123015875 0.32366071406249997 0.7255290999999999 0.328125 0.73181216875 0.3241567453125 0.7384259265625001 0.3231646828125 0.7427248671875 0.322420634375 0.7483465609375 0.3231646828125 0.7619047625 0.3268849203125 0.771164021875 0.3330853171875 0.7774470906250001 0.341269840625 0.7804232796874999 0.3479662703125 0.7797619046875
1 0.3258928578125 0.23181216875000002 0.3296130953125 0.24437830625 0.3333333328125 0.2513227515625 0.3382936515625 0.2572751328125 0.34325396874999997 0.2615740734375 0.3489583328125 0.2642195765625 0.35838293593750004 0.264880953125 0.3635912703125 0.2632275125 0.36904761875 0.2605820109375 0.3769841265625 0.2539682546875 0.3824404765625 0.2423941796875 0.38467261875 0.23115079375 0.384920634375 0.2235449734375 0.38368055624999997 0.2146164015625 0.37847222187499996 0.20138888906250002 0.3702876984375 0.1914682546875 0.3648313484375 0.1878306875 0.3576388890625 0.1855158734375 0.349454365625 0.1851851859375 0.33928571406249997 0.18816137500000002 0.3358134921875 0.18683862499999998 0.33407738125 0.1878306875 0.32713293593750004 0.18683862499999998 0.3239087296875 0.18849206406250002 0.3196924609375 0.1878306875 0.3172123015625 0.191137565625 0.3179563484375 0.19378306875 0.3172123015625 0.2043650796875 0.325644840625 0.21891534375 0.3258928578125 0.23181216875000002
1 0.596230159375 0.2619047625 0.599950396875 0.2632275125 0.611855159375 0.2625661375 0.6178075390625 0.26124338593749996 0.622519840625 0.25826719531250003 0.6297123015625 0.2503306875 0.63467261875 0.2397486765625 0.637152778125 0.228174603125 0.637152778125 0.21593915312499998 0.63467261875 0.20502645468749997 0.6297123015625 0.19444444375 0.6227678578125 0.18683862499999998 0.6133432546875001 0.18187830625 0.6009424609375 0.1822089953125 0.590773809375 0.1871693125 0.5825892859375 0.197420634375 0.5761408734375 0.21296296250000002 0.568380159375 0.2141133140625 0.5607638890625 0.215277778125 0.5570436515625 0.2202380953125 0.5575396828125 0.227843915625 0.565972221875 0.23776455 0.5766369046875 0.24041005312500002 0.5830853171875 0.2519841265625 0.596230159375 0.2619047625
2 0.5634920640625001 0.48015872968749995 0.5669642859375 0.4705687828125 0.5714285718750001 0.4699074078125 0.5768849203124999 0.46660052968750004 0.5801091265625 0.4606481484375 0.5791170640625001 0.45535714218749995 0.5736607140625 0.44874338593749996 0.565476190625 0.446428571875 0.562251984375 0.4384920640625 0.5575396828125 0.4328703703125 0.5523313484375 0.42890211562499997 0.546130953125 0.4269179890625 0.5362103171875 0.4269179890625 0.53174603125 0.42890211562499997 0.52529761875 0.43419312187500003 0.519097221875 0.44411375625 0.515873015625 0.4580026453125 0.5168650796875001 0.4702380953125 0.521329365625 0.48115079375 0.528273809375 0.4894179890625 0.5391865078125 0.49437830624999995 0.5458829359374999 0.49404761875 0.5570436515625 0.48842592656250006 0.5634920640625001 0.48015872968749995
2 0.6728670640625001 0.6517857140625 0.6825396828125 0.65608465625 0.693700396875 0.6547619046875 0.6991567453124999 0.6511243390625 0.7041170640625001 0.6451719578125 0.7085813484375 0.6326058203125 0.708829365625 0.622023809375 0.7075892859375 0.615410053125 0.7008928578125 0.6028439156250001 0.6976686515625 0.5995370375 0.69072420625 0.5958994703125 0.6788194437499999 0.5958994703125 0.671130953125 0.6001984125 0.665674603125 0.60648148125 0.6646825390625 0.609126984375 0.6651785718750001 0.621693121875 0.6639384921875 0.6236772484374999 0.661954365625 0.6365740734374999 0.6602182546875001 0.6388888890625 0.65947420625 0.6425264546875 0.661954365625 0.64417989375 0.666170634375 0.64417989375 0.6728670640625001 0.6517857140625
2 0.7986111109375 0.5333994703125 0.8053075390625001 0.537367725 0.8167162703124999 0.5383597890625 0.82762896875 0.5333994703125 0.8358134921874999 0.5234788359375 0.8385416671874999 0.5165343921875001 0.8400297625 0.5082671953125 0.8400297625 0.5013227515625001 0.8382936515624999 0.49305555625 0.83407738125 0.4834656078125 0.8298611109375 0.478174603125 0.824652778125 0.4742063484375 0.8179563484375001 0.471560846875 0.809523809375 0.471230159375 0.803075396875 0.47321428593750003 0.796626984375 0.477513228125 0.7896825390625 0.48644179843749996 0.7867063484375 0.49404761875 0.7854662703125 0.500661375 0.7859623015625 0.5165343921875001 0.783978175 0.521825396875 0.783978175 0.5274470906250001 0.7857142859375 0.53108465625 0.790674603125 0.534391534375 0.7986111109375 0.5333994703125
2 0.3172123015625 0.5396825390625 0.3216765875 0.540674603125 0.3333333328125 0.5396825390625 0.3417658734375 0.534391534375 0.3474702375 0.5257936515625 0.3511904765625 0.5119047625 0.35069444375000003 0.5016534390625 0.34722222187499996 0.490410053125 0.3422619046875 0.4831349203125 0.3365575390625 0.478174603125 0.330605159375 0.4751984125 0.3261408734375 0.4609788359375 0.31944444375000003 0.4513888890625 0.31572420625 0.4507275125 0.313244046875 0.4517195765625 0.3105158734375 0.45767195781250003 0.3105158734375 0.46924603125 0.311755953125 0.4794973546875 0.3050595234375 0.48809523749999995 0.3010912703125 0.49669312187500003 0.299851190625 0.502976190625 0.30009920625 0.516203703125 0.3040674609375 0.5274470906250001 0.311755953125 0.5363756609375 0.3172123015625 0.5396825390625
2 0.2824900796875 0.6673280421875 0.2884424609375 0.6600529093749999 0.2919146828125 0.6514550265625 0.29340277812500004 0.6428571421875 0.29340277812500004 0.634920634375 0.2904265875 0.624338625 0.283978175 0.6147486765625 0.27529761875 0.608796296875 0.265376984375 0.609126984375 0.2564484125 0.6130952375 0.2490079359375 0.621362434375 0.24479166718749998 0.6316137562499999 0.24330357187499999 0.64351851875 0.2455357140625 0.65575396875 0.2522321421875 0.6669973546875 0.25868055624999997 0.671626984375 0.2641369046875 0.6732804234375 0.2708333328125 0.6732804234375 0.2775297625 0.6709656078124999 0.2824900796875 0.6673280421875
0 0.35887896874999997 0.6646825390625 0.362103175 0.652777778125 0.362103175 0.6388888890625 0.35987103125000003 0.63062169375 0.3529265875 0.6207010578125 0.346230159375 0.6160714281249999 0.3415178578125 0.6147486765625 0.3301091265625 0.615740740625 0.3201884921875 0.6230158734375 0.3147321421875 0.6316137562499999 0.3112599203125 0.6458333328125 0.312251984375 0.659722221875 0.31597222187499996 0.6696428578125 0.3199404765625 0.6749338625 0.325148809375 0.6792328046875 0.3353174609375 0.6832010578125 0.34375 0.6808862437500001 0.35267857187499996 0.6742724875 0.35887896874999997 0.6646825390625
0 0.1951884921875 0.308862434375 0.20560515937499999 0.30621693125 0.21602182499999997 0.297619046875 0.22123015937499999 0.28802910000000004 0.22470238125000003 0.2731481484375 0.2366071421875 0.2668650796875 0.23710317500000003 0.2635582015625 0.24280753906250002 0.25694444375000003 0.24305555625 0.25099206406249996 0.240575396875 0.2460317453125 0.237847221875 0.24503968281250002 0.2328869046875 0.24503968281250002 0.2306547625 0.24338624375 0.2177579359375 0.24470899531249998 0.21279761874999997 0.23776455 0.2068452375 0.23247354531250003 0.1939484125 0.22685185156249998 0.1855158734375 0.22685185156249998 0.1795634921875 0.22850529062499997 0.17534722187500001 0.23048941875 0.16865079375 0.23644179843750002 0.1654265875 0.24107142812500001 0.1609623015625 0.2519841265625 0.1599702375 0.266203703125 0.1609623015625 0.27447089999999996 0.1641865078125 0.284391534375 0.17137896875 0.296296296875 0.1835317453125 0.30588624375 0.1951884921875 0.308862434375
0 0.481894840625 0.8789682546875 0.484126984375 0.86871693125 0.4833829359375 0.8554894187500001 0.48065476250000005 0.8485449734375001 0.474950396875 0.840608465625 0.465773809375 0.8356481484374999 0.46155753906249997 0.8353174609374999 0.4543650796875 0.8386243390624999 0.4513888890625 0.841269840625 0.44593253906249997 0.8495370375 0.4429563484375 0.8611111109375 0.4439484125 0.8730158734375 0.4481646828125 0.884259259375 0.453125 0.890211640625 0.459821428125 0.89384920625 0.4672619046875 0.89384920625 0.47594246093750003 0.8885582015625 0.481894840625 0.8789682546875
0 0.5796130953125 0.902777778125 0.58134920625 0.8925264546875 0.5801091265625 0.88062169375 0.5761408734375 0.8710317453125 0.5714285718750001 0.865079365625 0.5644841265625 0.8611111109375 0.5570436515625 0.8611111109375 0.5508432546875001 0.8647486765625001 0.5448908734375 0.8726851859375 0.5416666671875 0.8839285718750001 0.5419146828125 0.8958333328125001 0.544394840625 0.90575396875 0.549603175 0.9133597890624999 0.5545634921875 0.9169973546874999 0.55927579375 0.91865079375 0.5674603171875 0.9176587296875001 0.5739087296875 0.9130290999999999 0.5796130953125 0.902777778125
0 0.6336805562500001 0.8379629625 0.6423611109375 0.8333333328125001 0.6470734125 0.827380953125 0.6507936515625 0.8164682546875 0.6512896828125 0.8072089953124999 0.650545634375 0.8015873015625001 0.6475694437499999 0.7926587296875 0.640376984375 0.7833994703125 0.64112103125 0.771494709375 0.637648809375 0.7678571421875 0.637648809375 0.7609126984375 0.6364087296875 0.7589285718750001 0.6339285718750001 0.7589285718750001 0.627728175 0.7668650796875001 0.625744046875 0.778108465625 0.6183035718750001 0.78141534375 0.612351190625 0.7883597890625 0.609126984375 0.7956349203124999 0.6078869046875 0.8012566140624999 0.6078869046875 0.813161375 0.6116071421875 0.82473545 0.6183035718750001 0.833664021875 0.6262400796875001 0.837632275 0.6336805562500001 0.8379629625