1 0.09921875 0.28125 0.115625 0.08125
1 0.50546875 0.1875 0.1234375 0.075
1 0.26328125 0.40859375 0.1 0.0890625
1 0.2765625 0.6265625 0.1140625 0.078125
1 0.4953125 0.7 0.1 0.090625
0 0.259375 0.1109375 0.140625 0.090625
0 0.603125 0.3703125 0.09375 0.0703125
0 0.6953125 0.45703125 0.13125 0.071875
0 0.446875 0.534375 0.10625 0.09375
0 0.3546875 0.83359375 0.1234375 0.078125
2 0.67265625 0.64375 0.1296875 0.075
2 0.81875 0.55 0.11875 0.078125
2 0.82578125 0.37890625 0.1015625 0.1
2 0.9546875 0.3375 0.090625 0.0953125
2 0.490625 0.2625 0.1171875 0.075
0 0.26653439218749997 0.1453373015625 0.2764550265625 0.14236111093749998 0.2804232796875 0.13988095312499998 0.291335978125 0.12946428593749998 0.3022486765625 0.1299603171875 0.30621693125 0.131200396875 0.309854496875 0.1289682546875 0.3148148140625 0.12847222187500001 0.31812169375 0.12599206406250002 0.31911375625 0.1230158734375 0.3171296296875 0.11904761875 0.30621693125 0.11259920625 0.2982804234375 0.1111111109375 0.29365079375 0.108630953125 0.285052909375 0.09499007968749999 0.275132275 0.087053571875 0.2619047625 0.0818452375 0.24570105781249998 0.080605159375 0.23644179843750002 0.0823412703125 0.227843915625 0.08606150781250001 0.2202380953125 0.09250992031250001 0.214947090625 0.10342261875 0.2142857140625 0.112103175 0.2175925921875 0.12276785781249999 0.22387566093750003 0.1314484125 0.2328042328125 0.1386408734375 0.241402115625 0.1426091265625 0.2486772484375 0.1445932546875 0.26653439218749997 0.1453373015625
0 0.5922619046875 0.40277777812500004 0.6008597890625 0.403521825 0.6117724875 0.40302579375 0.625 0.39930555624999997 0.6362433859375 0.3918650796875 0.64417989375 0.3802083328125 0.6448412703125 0.3678075390625 0.639880953125 0.3571428578125 0.6335978843750001 0.3509424609375 0.622023809375 0.3454861109375 0.609457671875 0.343005953125 0.599867725 0.34325396874999997 0.5922619046875 0.3395337296875 0.5826719578125 0.3390376984375 0.5796957671875 0.3397817453125 0.5767195765625 0.3425099203125 0.5757275125 0.34821428593750003 0.5770502640624999 0.3509424609375 0.5691137562499999 0.35887896874999997 0.5644841265625 0.36805555624999997 0.5644841265625 0.3802083328125 0.56878306875 0.3888888890625 0.57473545 0.3948412703125 0.5796957671875 0.3980654765625 0.5922619046875 0.40277777812500004
0 0.6455026453125 0.45882936562500004 0.6474867718749999 0.46006944375 0.6600529093749999 0.4608134921875 0.6643518515625 0.468998015625 0.66898148125 0.4739583328125 0.6798941796875 0.48090277812500004 0.690806878125 0.484126984375 0.7046957671875 0.48487103125 0.712632275 0.48363095312500004 0.721891534375 0.48065476250000005 0.7334656078124999 0.4734623015625 0.7417328046875 0.46180555625 0.7423941796875 0.45114087343750003 0.740410053125 0.4429563484375 0.7380952375 0.4392361109375 0.728835978125 0.430803571875 0.7166005296875 0.42559523749999995 0.6994047625 0.4236111109375 0.6871693125 0.42534722187499996 0.6762566140625 0.4300595234375 0.666335978125 0.43824404687499996 0.6610449734375 0.44593253906249997 0.6484788359375 0.4454365078125 0.6455026453125 0.44866071406249997 0.6369047625 0.44990079375 0.6355820109375 0.45262896875 0.63723545 0.4541170640625 0.64417989375 0.45535714218749995 0.6455026453125 0.45882936562500004
0 0.44179894218750004 0.56845238125 0.44444444375 0.5706845234375 0.45105820156250004 0.572420634375 0.4543650796875 0.5699404765625 0.46164021093749996 0.568204365625 0.4632936515625 0.5644841265625 0.4623015875 0.5577876984375 0.4742063484375 0.5518353171875 0.48214285781250005 0.544394840625 0.487103175 0.53447420625 0.4874338625 0.5257936515625 0.4861111109375 0.5205853171875 0.48181216875 0.512896825 0.4735449734375 0.506200396875 0.4583333328125 0.500248015625 0.44477513281250003 0.4990079359375 0.4375 0.5 0.4295634921875 0.502480159375 0.4169973546875 0.509920634375 0.412367725 0.51512896875 0.408730159375 0.521825396875 0.4074074078125 0.531498015625 0.41071428593750003 0.5414186515625 0.415343915625 0.547123015625 0.4272486765625 0.5553075390625 0.4378306875 0.5582837296875 0.44179894218750004 0.56845238125
0 0.33002645468749997 0.8630952375 0.3386243390625 0.8670634921874999 0.349867725 0.869295634375 0.3644179890625 0.8683035718750001 0.38194444375000003 0.8608630953124999 0.3921957671875 0.8511904765624999 0.3958333328125 0.8452380953124999 0.3978174609375 0.8373015875 0.3978174609375 0.8301091265625 0.396164021875 0.8236607140625001 0.3918650796875 0.815972221875 0.3865740734375 0.8107638890625 0.3796296296875 0.806299603125 0.372023809375 0.8033234125 0.36375661406250004 0.8015873015625001 0.35582010625 0.8013392859374999 0.3488756609375 0.8020833328125001 0.3389550265625 0.8053075390625001 0.33068783125 0.809523809375 0.3257275125 0.8134920640625 0.3177910046875 0.8236607140625001 0.3141534390625 0.838045634375 0.311838625 0.840277778125 0.3108465609375 0.8447420640625 0.311838625 0.8511904765624999 0.3197751328125 0.8546626984374999 0.33002645468749997 0.8630952375
1 0.484126984375 0.734623015625 0.4857804234375 0.734126984375 0.4854497359375 0.7328869046875 0.48809523749999995 0.7328869046875 0.4890873015625 0.734126984375 0.49305555625 0.7333829359374999 0.49933862500000004 0.7299107140625 0.5023148140625 0.7269345234375 0.515873015625 0.7242063484375 0.5254629625 0.7199900796875001 0.5324074078125001 0.7145337296875 0.5360449734375 0.7095734125 0.5396825390625 0.69717261875 0.5396825390625 0.690476190625 0.537367725 0.6835317453124999 0.5327380953125 0.6770833328125 0.5271164015625 0.67237103125 0.5201719578125 0.66865079375 0.5138888890625 0.6666666671875 0.5066137562499999 0.6654265875 0.49603174531249994 0.6651785718750001 0.4861111109375 0.6669146828125 0.478174603125 0.6698908734375 0.471560846875 0.674355159375 0.465608465625 0.68154761875 0.4623015875 0.6917162703125 0.462632275 0.7021329359374999 0.46527777812500004 0.70907738125 0.47089947031249996 0.7165178578125 0.47850529062499997 0.721478175 0.477843915625 0.7279265875 0.484126984375 0.734623015625
1 0.253637565625 0.6473214281249999 0.2602513234375 0.6517857140625 0.2668650796875 0.6545138890625 0.2761243390625 0.656498015625 0.2853835984375 0.656994046875 0.302910053125 0.6522817453124999 0.3138227515625 0.6453373015625 0.31812169375 0.640625 0.321759259375 0.6339285718750001 0.3230820109375 0.6227678578125 0.31845238125 0.6116071421875 0.3101851859375 0.6041666671875 0.30555555624999997 0.6016865078125 0.2953042328125 0.5984623015625 0.2830687828125 0.5974702375 0.2748015875 0.5984623015625 0.266203703125 0.6009424609375 0.2523148140625 0.60987103125 0.2486772484375 0.6135912703125 0.24503968281250002 0.6202876984375 0.24404761874999997 0.63095238125 0.241402115625 0.6319444437499999 0.23710317500000003 0.6359126984375 0.2357804234375 0.641369046875 0.246362434375 0.6483134921875 0.253637565625 0.6473214281249999
1 0.2549603171875 0.44097222187499996 0.2708333328125 0.44171627031250005 0.2863756609375 0.437748015625 0.296626984375 0.4298115078125 0.302579365625 0.4206349203125 0.302910053125 0.41046627031250005 0.2999338625 0.4015376984375 0.29365079375 0.39409722187499996 0.2820767203125 0.3859126984375 0.2757936515625 0.38368055624999997 0.2728174609375 0.3789682546875 0.26917989375 0.3764880953125 0.26124338593749996 0.37450396874999997 0.25562169375 0.375744046875 0.24404761874999997 0.3859126984375 0.23611111093749998 0.389880953125 0.23048941875 0.3945932546875 0.2242063484375 0.4050099203125 0.2228835984375 0.415178571875 0.22718253906250002 0.42534722187499996 0.23247354531250003 0.4310515875 0.2384259265625 0.43526785781250005 0.247023809375 0.4389880953125 0.2549603171875 0.44097222187499996
1 0.1051587296875 0.3045634921875 0.11243386250000001 0.3015873015625 0.12566137500000002 0.311755953125 0.1289682546875 0.311755953125 0.133928571875 0.30927579375 0.140542328125 0.3147321421875 0.14318783125 0.314980159375 0.14550264531249998 0.312748015625 0.14550264531249998 0.3105158734375 0.1418650796875 0.3050595234375 0.14318783125 0.2988591265625 0.1299603171875 0.2889384921875 0.1302910046875 0.2740575390625 0.124338625 0.262896825 0.11739417968750002 0.25694444375000003 0.10548941875 0.25049603125000003 0.0952380953125 0.24751984062500001 0.08201058125 0.246527778125 0.072089946875 0.2477678578125 0.06349206406249999 0.250744046875 0.0548941796875 0.2564484125 0.049933862499999995 0.262896825 0.047619046875 0.26884920625 0.047619046875 0.278273809375 0.054232804687500004 0.2896825390625 0.065806878125 0.2981150796875 0.078373015625 0.3033234125 0.0952380953125 0.30555555624999997 0.1051587296875 0.3045634921875
1 0.5125661375 0.222222221875 0.528439153125 0.2108134921875 0.5492724875 0.20486111093749998 0.552910053125 0.2016369046875 0.5535714281249999 0.196428571875 0.5453042328125 0.18824404687500002 0.5320767203125001 0.184523809375 0.5231481484375 0.17361111093749998 0.516203703125 0.169146825 0.503637565625 0.16493055625 0.490740740625 0.1644345234375 0.48247354531250003 0.16592261875 0.4765211640625 0.1681547625 0.4705687828125 0.17137896875 0.46461640156249995 0.1768353171875 0.459325396875 0.18700396875 0.45866402187500005 0.2008928578125 0.4632936515625 0.20982142812500001 0.4742063484375 0.218998015625 0.487103175 0.2242063484375 0.5013227515625001 0.224950396875 0.5125661375 0.222222221875
2 0.6458333328125 0.6445932546875001 0.6488095234375 0.65302579375 0.653108465625 0.659722221875 0.659722221875 0.66592261875 0.665674603125 0.6696428578125 0.6769179890625 0.6733630953125 0.6947751328125 0.6736111109375 0.7083333328125 0.6696428578125 0.71924603125 0.6617063484375 0.7258597890625 0.6495535718750001 0.7255290999999999 0.638144840625 0.71924603125 0.6269841265625 0.7096560843749999 0.6195436515625 0.6947751328125 0.6143353171875 0.6805555562500001 0.6133432546875001 0.6669973546875 0.6163194437499999 0.6577380953125 0.6212797625 0.6517857140625 0.6264880953125 0.6385582015625 0.62549603125 0.625661375 0.6269841265625 0.6200396828125 0.6304563484375 0.6197089953125 0.6334325390625 0.622354496875 0.6361607140625 0.6296296296875 0.64012896875 0.6332671953125 0.644097221875 0.6458333328125 0.6445932546875001
2 0.846560846875 0.5798611109375 0.8541666671874999 0.5766369046875 0.8614417984375 0.571924603125 0.8660714281249999 0.5662202375 0.86904761875 0.560019840625 0.86937830625 0.549851190625 0.865079365625 0.5404265875 0.8551587296875001 0.53075396875 0.846891534375 0.5265376984375 0.8369709000000001 0.5240575390625 0.8207671953125001 0.5233134921875 0.80621693125 0.5262896828125 0.796296296875 0.5205853171875 0.7800925921874999 0.518353175 0.7748015875 0.5208333328125 0.7734788359375 0.5270337296875 0.777777778125 0.5329861109375 0.7883597890625 0.54092261875 0.7870370375 0.5558035718750001 0.7883597890625 0.5610119046875 0.79398148125 0.5694444437499999 0.8015873015625001 0.5761408734375 0.816137565625 0.5820932546875001 0.8320105812499999 0.5825892859375 0.846560846875 0.5798611109375
2 0.8141534390625 0.4236111109375 0.81878306875 0.4231150796875 0.827380953125 0.41865079375 0.8359788359375001 0.40228174531249994 0.8501984125 0.3980654765625 0.8624338625 0.390376984375 0.8683862437500001 0.38392857187499996 0.871362434375 0.37599206406249996 0.871362434375 0.3678075390625 0.86937830625 0.3608630953125 0.8667328046874999 0.356398809375 0.8614417984375 0.3511904765625 0.8528439156250001 0.346478175 0.8445767203125 0.343998015625 0.828373015625 0.343005953125 0.8164682546875 0.3449900796875 0.8045634921874999 0.3501984125 0.7916666671875 0.3606150796875 0.7886904765625 0.3658234125 0.7896825390625 0.37822420625 0.796626984375 0.39112103125000003 0.80687830625 0.3983134921875 0.8072089953124999 0.415674603125 0.809854496875 0.419146825 0.809854496875 0.421875 0.8141534390625 0.4236111109375
2 1 0.3033234125 0.9867724875 0.2986111109375 0.9708994703125 0.297619046875 0.9570105812499999 0.3005952375 0.9457671953125001 0.3053075390625 0.9384920640625 0.3107638890625 0.93187830625 0.31845238125 0.9295634921874999 0.328125 0.9298941796875001 0.3382936515625 0.9322089953124999 0.34474206406249996 0.9355158734375 0.349454365625 0.93121693125 0.349950396875 0.9289021156249999 0.3519345234375 0.9249338625 0.3613591265625 0.924603175 0.3630952375 0.9265873015625001 0.3645833328125 0.9255952375 0.3727678578125 0.927910053125 0.37450396874999997 0.9351851859375 0.374751984375 0.9421296296874999 0.3700396828125 0.946759259375 0.3685515875 0.9546957671875 0.36259920625 0.9583333328125001 0.3616071421875 0.959325396875 0.360119046875 0.96825396875 0.35987103125000003 0.984126984375 0.356646825 0.9930555562500001 0.35342261875 1 0.349454365625 1 0.3033234125
2 0.49338624375 0.2852182546875 0.502645503125 0.28174603125000003 0.5112433859375 0.286954365625 0.5201719578125 0.28993055624999997 0.5264550265625 0.2896825390625 0.53174603125 0.28819444375000003 0.533730159375 0.2849702375 0.5327380953125 0.2775297625 0.5274470906250001 0.271329365625 0.51851851875 0.26512896874999997 0.51917989375 0.2512400796875 0.5135582015625 0.23958333281250002 0.5019841265625 0.2301587296875 0.48875661406250004 0.22619047656250002 0.478174603125 0.22569444375 0.4702380953125 0.22693452343749998 0.46031746093750003 0.2304067453125 0.45568783125 0.2333829359375 0.4500661375 0.24032738125000003 0.44477513281250003 0.252728175 0.4451058203125 0.262896825 0.44973545000000004 0.27232142812500004 0.4613095234375 0.28125 0.4702380953125 0.284226190625 0.48776454999999996 0.2859623015625 0.49338624375 0.2852182546875