1 0.29921875 0.58203125 0.0875 0.084375
1 0.484375 0.846875 0.0875 0.0921875
1 0.596875 0.23671875 0.08125 0.1046875
0 0.41953125 0.62890625 0.071875 0.0921875
0 0.2453125 0.43125 0.090625 0.103125
0 0.42578125 0.25234375 0.0828125 0.1078125
0 0.76015625 0.3734375 0.075 0.1
2 0.62109375 0.52890625 0.075 0.125
2 0.44296875 0.38984375 0.078125 0.096875
1 0.5081845234375 0.8105158734375 0.502728175 0.8144841265625 0.49603174531249994 0.8164682546875 0.48759920625 0.8111772484375 0.47594246093750003 0.8108465609375 0.46676587343750003 0.815806878125 0.4585813484375 0.8257275125 0.4546130953125 0.8359788359375001 0.453125 0.84358465625 0.452876984375 0.8554894187500001 0.4546130953125 0.865410053125 0.45758928593750003 0.8730158734375 0.46428571406249997 0.8826058203124999 0.46924603125 0.8865740734375 0.47569444375 0.8892195765625001 0.48363095312500004 0.8895502640625 0.49156746093750003 0.8862433859375001 0.5 0.8792989421874999 0.503472221875 0.8740079359375 0.5071924609375 0.865410053125 0.5086805562500001 0.8584656078125 0.5086805562500001 0.8392857140625001 0.516369046875 0.833664021875 0.5210813484375 0.8250661375 0.521329365625 0.8177910046875001 0.5178571421875 0.8115079359375 0.5081845234375 0.8105158734375
0 0.42559523749999995 0.5859788359375 0.415178571875 0.5859788359375 0.4047619046875 0.591269840625 0.39930555624999997 0.596230159375 0.3953373015625 0.6021825390625 0.39112103125000003 0.6144179890625 0.39012896874999997 0.6289682546875001 0.39112103125000003 0.6362433859375 0.393601190625 0.64351851875 0.396825396875 0.6498015875 0.40252976250000005 0.65674603125 0.412946428125 0.6626984125 0.4203869046875 0.6630290999999999 0.4310515875 0.6610449734375 0.437251984375 0.66865079375 0.4484126984375 0.666005290625 0.44890872968749995 0.653769840625 0.4451884921875 0.6448412703125 0.4479166671875 0.6273148140625 0.446428571875 0.610119046875 0.4439484125 0.603174603125 0.43973214218749995 0.596230159375 0.43154761875 0.5886243390625 0.42559523749999995 0.5859788359375
1 0.3268849203125 0.5582010578125 0.3172123015625 0.559193121875 0.315476190625 0.5605158734375 0.315228175 0.5625 0.3142361109375 0.5625 0.3072916671875 0.552910053125 0.30133928593750003 0.5486111109375 0.2951388890625 0.546296296875 0.284226190625 0.546626984375 0.2765376984375 0.5499338625 0.27157738125 0.5539021156249999 0.265873015625 0.5615079359374999 0.2619047625 0.5710978843750001 0.2601686515625 0.58068783125 0.2606646828125 0.5919312171875 0.2638888890625 0.6028439156250001 0.2698412703125 0.612103175 0.27678571406249997 0.6173941796875 0.28224206406249996 0.61937830625 0.294146825 0.61937830625 0.3040674609375 0.6130952375 0.3125 0.6028439156250001 0.31572420625 0.596891534375 0.3172123015625 0.5922619046875 0.3179563484375 0.5826719578125 0.3244047625 0.5830026453125 0.3323412703125 0.5793650796875001 0.3335813484375 0.5757275125 0.33928571406249997 0.5710978843750001 0.3390376984375 0.5671296296875 0.3268849203125 0.5582010578125
0 0.28239040000000004 0.4328703703125 0.27916619374999996 0.43187830624999995 0.2744538921875 0.42592592656250006 0.266517384375 0.4232804234375 0.2593249234375 0.40641534375 0.250892384375 0.396825396875 0.2432038921875 0.39252645468749997 0.23601143125 0.390873015625 0.22956301875000001 0.391203703125 0.223362621875 0.39318783125 0.21393801875000001 0.40046296249999996 0.207737621875 0.41038359843750005 0.20476143125 0.4206349203125 0.204513415625 0.43386243437500005 0.20600151093750002 0.44146825468750006 0.211457859375 0.45370370312499997 0.21815428906249998 0.4613095234375 0.22633881250000001 0.466269840625 0.23725151093750002 0.4675925921875 0.2466761140625 0.46494709062500006 0.25411659062499997 0.459656084375 0.2620530984375 0.44907407343749994 0.267509446875 0.4477513234375 0.275693971875 0.4480820109375 0.27693405000000004 0.446428571875 0.2779261140625 0.44146825468750006 0.28189436875 0.44146825468750006 0.285118575 0.4388227515625 0.283134446875 0.4378306875 0.28239040000000004 0.4328703703125
2 0.45758928593750003 0.36607142812500004 0.450148809375 0.3571428578125 0.440476190625 0.352843915625 0.4295634921875 0.352843915625 0.4228670640625 0.35548941875 0.41741071406249997 0.35978835937500003 0.41220238125 0.36805555624999997 0.4074900796875 0.384259259375 0.4079861109375 0.3988095234375 0.412946428125 0.4113756609375 0.42113095312500004 0.42129629687500003 0.430803571875 0.42559523749999995 0.44097222187499996 0.42526454999999996 0.44742063437499996 0.422288359375 0.4541170640625 0.4169973546875 0.45634920625 0.4169973546875 0.4637896828125 0.4209656078125 0.46924603125 0.421626984375 0.47445436562500004 0.41997354531250003 0.47718253906249997 0.41633597812499995 0.4751984125 0.40575396875 0.46527777812500004 0.39351851875 0.46155753906249997 0.3753306875 0.45758928593750003 0.36607142812500004
0 0.44717261875 0.2232142859375 0.4384920640625 0.21263227499999998 0.43377976250000005 0.209325396875 0.4268353171875 0.20701058125 0.41617063437499996 0.20800264531249998 0.4045138890625 0.21626984062500001 0.3970734125 0.228835978125 0.3943452375 0.24173280468749997 0.3953373015625 0.25826719531250003 0.4015376984375 0.2734788359375 0.408978175 0.2820767203125 0.4166666671875 0.2867063484375 0.4273313484375 0.28802910000000004 0.4384920640625 0.284391534375 0.4427083328125 0.29001322812499997 0.450396825 0.2946428578125 0.45882936562500004 0.2946428578125 0.46031746093750003 0.29332010625 0.4605654765625 0.29001322812499997 0.46006944375 0.2830687828125 0.45684523749999995 0.2771164015625 0.45758928593750003 0.27447089999999996 0.4541170640625 0.26818783125 0.4516369046875 0.26653439218749997 0.453125 0.25330687812499997 0.453125 0.24305555625 0.4513888890625 0.2331349203125 0.44717261875 0.2232142859375
2 0.60887896875 0.48842592656250006 0.6006944437499999 0.48809523749999995 0.5984623015625 0.49371693125 0.59970238125 0.5125661375 0.5959821421875 0.521494709375 0.59375 0.5330687828125 0.593998015625 0.552910053125 0.5949900796875001 0.55654761875 0.596230159375 0.55687830625 0.59970238125 0.5641534390625 0.6041666671875 0.5691137562499999 0.6163194437499999 0.5760582015625 0.63095238125 0.5760582015625 0.63740079375 0.5727513234375 0.6416170640625001 0.56878306875 0.6483134921875 0.5585317453124999 0.6512896828125 0.5449735453125 0.6510416671875 0.5324074078125001 0.646825396875 0.5175264546875 0.6388888890625 0.5069444437499999 0.630704365625 0.5019841265625 0.61904761875 0.5 0.6138392859375 0.4920634921875 0.60887896875 0.48842592656250006
0 0.7889384921875 0.3544973546875 0.7849702375 0.3449074078125 0.78125 0.33928571406249997 0.7740575390625 0.3333333328125 0.7673611109375 0.3303571421875 0.762896825 0.3293650796875 0.7549603171875 0.33002645468749997 0.7428075390625 0.3359788359375 0.734375 0.3452380953125 0.7306547625 0.35251322812499997 0.7279265875 0.362103175 0.7276785718750001 0.37929894218750004 0.7321428578125 0.3928571421875 0.736855159375 0.400132275 0.7413194437499999 0.4044312171875 0.7480158734375 0.40839947031249996 0.7537202375 0.40972222187499996 0.7636408734375 0.40972222187499996 0.7725694437499999 0.4080687828125 0.7800099203124999 0.4117063484375 0.7827380953125 0.4117063484375 0.7862103171875 0.41038359843750005 0.78720238125 0.40839947031249996 0.7881944437499999 0.3978174609375 0.7859623015625 0.3892195765625 0.7884424609375 0.3829365078125 0.7904265875 0.3726851859375 0.7904265875 0.36276454999999996 0.7889384921875 0.3544973546875