0 0.603125 0.16484375 0.134375 0.08515625
0 0.2359375 0.45703125 0.1375 0.07890625
0 0.596875 0.6265625 0.146875 0.0875
0 0.24765625 0.7171875 0.1375 0.0921875
2 0.3734375 0.50078125 0.12421875 0.07890625
2 0.65078125 0.37265625 0.12890625 0.084375
1 0.34140625 0.27890625 0.115625 0.08125
1 0.896875 0.6640625 0.12734375 0.1109375
1 0.447089946875 0.6941964281249999 0.4378306875 0.7078373015625 0.422288359375 0.7108134921875 0.4077380953125 0.7175099203124999 0.3984788359375 0.7256944437499999 0.39318783125 0.73487103125 0.390873015625 0.74404761875 0.390873015625 0.749751984375 0.3921957671875 0.756200396875 0.396164021875 0.7633928578125 0.40674603125 0.7730654765625 0.4166666671875 0.777777778125 0.4249338625 0.7802579359374999 0.43121693125 0.78125 0.4424603171875 0.78125 0.45105820156250004 0.7797619046875 0.459986771875 0.7765376984375 0.465939153125 0.7735615078125 0.471230159375 0.7693452375 0.48082010625000005 0.7566964281249999 0.4834656078125 0.7452876984375 0.4828042328125 0.736855159375 0.47585978906250004 0.72470238125 0.465939153125 0.716269840625 0.4738756609375 0.7016369046875 0.4742063484375 0.690476190625 0.47288359843750005 0.6894841265625 0.47288359843750005 0.6875 0.46296296249999996 0.6860119046875 0.45568783125 0.688244046875 0.4520502640625 0.6922123015625 0.447089946875 0.6941964281249999
1 0.874338625 0.637648809375 0.8607804234374999 0.6443452375 0.8505290999999999 0.653273809375 0.8449074078125 0.6644345234375 0.8445767203125 0.6760912703125 0.8475529093749999 0.685019840625 0.8508597890624999 0.690228175 0.85681216875 0.6966765875 0.865410053125 0.702876984375 0.872354496875 0.70634920625 0.884920634375 0.7105654765625 0.8958333328125001 0.7120535718750001 0.9080687828125 0.7120535718750001 0.9269179890625001 0.7080853171875 0.940476190625 0.69990079375 0.9490740734375 0.68799603125 0.9507275125 0.681299603125 0.9507275125 0.6733630953125 0.9457671953125001 0.6604662703125 0.941137565625 0.6542658734375 0.9262566140624999 0.643105159375 0.9110449734375001 0.638144840625 0.9103835984374999 0.6259920640625001 0.90674603125 0.6230158734375 0.9054232796875 0.6180555562500001 0.8984788359375001 0.6138392859375 0.89318783125 0.6135912703125 0.887896825 0.615079365625 0.877976190625 0.6230158734375 0.874338625 0.637648809375
1 0.313161375 0.2549603171875 0.3075396828125 0.26215277812500004 0.303902115625 0.2720734125 0.30555555624999997 0.2862103171875 0.30125661406250004 0.2884424609375 0.299603175 0.29092261875 0.2992724875 0.29637896874999997 0.3015873015625 0.30133928593750003 0.3101851859375 0.3060515875 0.32473545000000004 0.30580357187499996 0.334656084375 0.3087797625 0.3445767203125 0.310019840625 0.3607804234375 0.30902777812500004 0.36904761875 0.3060515875 0.378637565625 0.299603175 0.3865740734375 0.290674603125 0.389880953125 0.28125 0.38955026406250004 0.27232142812500004 0.38624338593749996 0.2633928578125 0.38161375625 0.2574404765625 0.372354496875 0.250248015625 0.365410053125 0.247023809375 0.35482804218749997 0.24404761874999997 0.3422619046875 0.24330357187499999 0.3296957671875 0.2455357140625 0.3204365078125 0.24950396874999997 0.313161375 0.2549603171875
0 0.566137565625 0.1324404765625 0.559854496875 0.13715277812499999 0.553240740625 0.1443452375 0.5492724875 0.1510416671875 0.5456349203124999 0.1641865078125 0.547619046875 0.177579365625 0.5542328046875 0.18849206406250002 0.5638227515625001 0.19593253906250002 0.5793650796875001 0.20238095312499998 0.6001984125 0.2021329359375 0.60582010625 0.2008928578125 0.6197089953125 0.1949404765625 0.6266534390625 0.18998015937499999 0.6316137562499999 0.184771825 0.6395502640624999 0.1698908734375 0.6474867718749999 0.16840277812499999 0.65608465625 0.162946428125 0.6603835984375 0.15600198437499999 0.659722221875 0.1542658734375 0.6541005296875 0.1525297625 0.6494709000000001 0.1480654765625 0.6448412703125 0.146329365625 0.6359126984375 0.1460813484375 0.6273148140625 0.1364087296875 0.6164021156249999 0.12946428593749998 0.603835978125 0.12574404687500002 0.5922619046875 0.125 0.58134920625 0.1264880953125 0.5744047625 0.1287202375 0.566137565625 0.1324404765625
0 0.19378306875 0.4298115078125 0.18650793593749998 0.4357638890625 0.1802248671875 0.4454365078125 0.178902115625 0.453125 0.1795634921875 0.4605654765625 0.1822089953125 0.4675099203125 0.1861772484375 0.47321428593750003 0.1990740734375 0.4826388890625 0.215608465625 0.48759920625 0.22685185156249998 0.48809523749999995 0.2354497359375 0.487351190625 0.2503306875 0.4831349203125 0.25892857187499996 0.4779265875 0.265542328125 0.471478175 0.2708333328125 0.4595734125 0.2804232796875 0.45758928593750003 0.29298941875 0.45238095312500004 0.2986111109375 0.446924603125 0.2986111109375 0.4429563484375 0.29596560781250003 0.439980159375 0.2883597890625 0.43675595312500004 0.283730159375 0.437748015625 0.2797619046875 0.43700396875 0.26455026406250004 0.4375 0.2519841265625 0.42906746093750003 0.2423941796875 0.424851190625 0.23082010625 0.42237103125 0.21891534375 0.422123015625 0.21031746093749998 0.4233630953125 0.1994047625 0.4268353171875 0.19378306875 0.4298115078125
0 0.553240740625 0.599454365625 0.5486111109375 0.60342261875 0.541005290625 0.6145833328125 0.5386904765625 0.6240079359374999 0.5390211640625 0.630704365625 0.54365079375 0.643601190625 0.5486111109375 0.6493055562500001 0.55621693125 0.655505953125 0.5664682546875001 0.6604662703125 0.5757275125 0.6631944437499999 0.59358465625 0.6641865078125 0.603835978125 0.66220238125 0.6180555562500001 0.65625 0.6292989421875 0.646329365625 0.634259259375 0.6364087296875 0.6415343921875001 0.6356646828125 0.653439153125 0.6326884921875 0.65674603125 0.6264880953125 0.6626984125 0.6237599203124999 0.6630290999999999 0.6202876984375 0.6577380953125 0.6175595234375 0.653439153125 0.6168154765625 0.6488095234375 0.612847221875 0.6335978843750001 0.612847221875 0.63095238125 0.612103175 0.6177248671875 0.5992063484375 0.6081349203124999 0.59424603125 0.596891534375 0.591021825 0.5830026453125 0.5900297625 0.5707671953125 0.5917658734375 0.5621693125 0.5947420640625001 0.553240740625 0.599454365625
0 0.26752645468749997 0.690972221875 0.25 0.6889880953125 0.2334656078125 0.690972221875 0.22585978906249998 0.69345238125 0.21891534375 0.69717261875 0.209656084375 0.7043650796875001 0.2017195765625 0.7167658734375 0.2000661375 0.7227182546875001 0.2000661375 0.731894840625 0.203042328125 0.7395833328125 0.20667989375 0.7450396828125 0.21693121718750003 0.75322420625 0.2251984125 0.7569444437499999 0.23478835937500003 0.7591765875 0.25099206406249996 0.759424603125 0.258597884375 0.7579365078125 0.2698412703125 0.7537202375 0.284391534375 0.7433035718750001 0.290674603125 0.7333829359374999 0.2926587296875 0.7269345234375 0.290343915625 0.7073412703125 0.30026454999999996 0.6946924609375 0.296957671875 0.688244046875 0.2999338625 0.6865079359374999 0.30125661406250004 0.6837797625 0.2999338625 0.6822916671875 0.2956349203125 0.6825396828125 0.291335978125 0.6800595234375 0.2863756609375 0.6825396828125 0.2797619046875 0.6820436515625 0.26752645468749997 0.690972221875
1 0.43828125 0.73515625 0.11875 0.10234375
2 0.6210317453124999 0.35267857187499996 0.615410053125 0.362103175 0.60582010625 0.3645833328125 0.6021825390625 0.3670634921875 0.596560846875 0.3730158734375 0.5952380953125 0.377976190625 0.6001984125 0.3831845234375 0.6071428578125 0.3859126984375 0.6177248671875 0.3864087296875 0.6246693125 0.39409722187499996 0.6369047625 0.40178571406249997 0.64417989375 0.40426587343750003 0.6517857140625 0.40550595312500004 0.66898148125 0.406001984375 0.678240740625 0.403769840625 0.6871693125 0.3998015875 0.6947751328125 0.3948412703125 0.69973545 0.39012896874999997 0.70667989375 0.3797123015625 0.708664021875 0.36631944375000003 0.7076719578125 0.3616071421875 0.702380953125 0.3519345234375 0.691137565625 0.3425099203125 0.683862434375 0.3390376984375 0.6732804234375 0.3360615078125 0.658730159375 0.33506944375000003 0.6418650796875001 0.3385416671875 0.6292989421875 0.3449900796875 0.6210317453124999 0.35267857187499996
2 0.328703703125 0.48214285781250005 0.322420634375 0.49007936562500004 0.3204365078125 0.4947916671875 0.31911375625 0.5064484125 0.321097884375 0.512896825 0.3244047625 0.5178571421875 0.33267195781250003 0.5260416671875 0.3386243390625 0.5300099203124999 0.35350529062499997 0.534722221875 0.3611111109375 0.5354662703125 0.371362434375 0.5349702375 0.38392857187499996 0.531001984375 0.3984788359375 0.5210813484375 0.40410052968750004 0.5116567453124999 0.40674603125 0.497271825 0.41765872968749995 0.4920634921875 0.4242724875 0.487103175 0.4272486765625 0.4826388890625 0.428240740625 0.47842261875 0.424603175 0.4739583328125 0.4169973546875 0.471726190625 0.40641534375 0.47271825468750006 0.396825396875 0.47594246093750003 0.389880953125 0.4769345234375 0.384589946875 0.4742063484375 0.375661375 0.471478175 0.3677248671875 0.4702380953125 0.359126984375 0.4702380953125 0.3511904765625 0.471230159375 0.340939153125 0.47445436562500004 0.328703703125 0.48214285781250005