1 0.66953125 0.78046875 0.196875 0.121875
1 0.37734375 0.88984375 0.178125 0.1296875
1 0.53125 0.4265625 0.159375 0.134375
0 0.759375 0.51875 0.1734375 0.13125
0 0.45078125 0.65859375 0.2125 0.125
0 0.0984375 0.634375 0.196875 0.1328125
2 0.271875 0.5109375 0.203125 0.125
2 0.43828125 0.196875 0.2078125 0.146875
2 0.7625 0.3078125 0.1875 0.125
1 0.48082010625000005 0.3737599203125 0.4699074078125 0.3829365078125 0.46031746093750003 0.3948412703125 0.45767195781250003 0.4015376984375 0.45601851875 0.4166666671875 0.45767195781250003 0.428075396875 0.46296296249999996 0.44097222187499996 0.4738756609375 0.4541170640625 0.48809523749999995 0.4632936515625 0.5 0.46825396875 0.5145502640624999 0.47197420625 0.5353835984375 0.47445436562500004 0.54398148125 0.481894840625 0.552579365625 0.4853670640625 0.5641534390625 0.4858630953125 0.572420634375 0.48214285781250005 0.575396825 0.4794146828125 0.5793650796875001 0.47247023749999995 0.5793650796875001 0.46453372968749995 0.577711640625 0.459821428125 0.587632275 0.453373015625 0.5945767203125001 0.4451884921875 0.599867725 0.43526785781250005 0.6028439156250001 0.424603175 0.6025132281250001 0.40674603125 0.5988756609375 0.3943452375 0.5945767203125001 0.38715277812500004 0.5859788359375 0.377728175 0.577711640625 0.37177579375 0.5667989421875 0.3665674609375 0.5535714281249999 0.36284722187499996 0.5376984125 0.3616071421875 0.51851851875 0.361855159375 0.50628306875 0.3635912703125 0.491071428125 0.36830357187499996 0.48082010625000005 0.3737599203125
1 0.640542328125 0.7428075390625 0.6253306875 0.75967261875 0.5985449734375 0.7584325390625 0.5800264546875 0.76512896875 0.577380953125 0.7668650796875001 0.5767195765625 0.76884920625 0.5770502640624999 0.775545634375 0.5856481484375 0.7834821421875 0.590277778125 0.7854662703125 0.596560846875 0.7864583328125 0.5958994703125 0.7886904765625 0.596891534375 0.7876984125 0.6001984125 0.7891865078125 0.5995370375 0.7904265875 0.603174603125 0.790674603125 0.6041666671875 0.7894345234375 0.6051587296875 0.790674603125 0.60615079375 0.7894345234375 0.6071428578125 0.79092261875 0.6117724875 0.7921626984375 0.6160714281249999 0.7921626984375 0.6207010578125 0.794394840625 0.625661375 0.7946428578125 0.6365740734374999 0.80927579375 0.650132275 0.8204365078125001 0.6669973546875 0.82862103125 0.6865079359374999 0.8328373015625001 0.7000661375 0.8330853171875001 0.7116402109375 0.831597221875 0.7225529093749999 0.82862103125 0.7324735453125 0.8239087296875001 0.7420634921875 0.8169642859374999 0.7476851859375 0.8110119046875001 0.753637565625 0.8015873015625001 0.7576058203125 0.7891865078125 0.7579365078125 0.778273809375 0.75595238125 0.769097221875 0.75 0.7574404765625 0.74404761875 0.75 0.7334656078124999 0.7408234125 0.7228835984375 0.73487103125 0.709325396875 0.7299107140625 0.6990740734374999 0.728174603125 0.6792328046875 0.7279265875 0.6630290999999999 0.730902778125 0.6504629625 0.7361111109375 0.640542328125 0.7428075390625
1 0.3257275125 0.8551587296875001 0.3148148140625 0.872271825 0.3105158734375 0.88740079375 0.3101851859375 0.896329365625 0.302910053125 0.8998015875 0.30026454999999996 0.90625 0.30588624375 0.9151785718750001 0.311838625 0.91865079375 0.31944444375000003 0.9196428578125 0.3303571421875 0.9303075390625001 0.341269840625 0.937251984375 0.352843915625 0.9419642859374999 0.362103175 0.9441964281249999 0.372023809375 0.9451884921874999 0.3852513234375 0.9449404765624999 0.40542327968749997 0.939980159375 0.415674603125 0.935019840625 0.4265873015625 0.9273313484375001 0.4325396828125 0.921626984375 0.44146825468750006 0.909226190625 0.44742063437499996 0.8921130953124999 0.4477513234375 0.8797123015625001 0.44444444375 0.8670634921874999 0.43683862500000004 0.853670634375 0.4272486765625 0.844494046875 0.4130291 0.8363095234375001 0.3998015875 0.8320932546875 0.391203703125 0.831101190625 0.36871693125 0.8318452375 0.3581349203125 0.834325396875 0.34821428593750003 0.8387896828124999 0.33399470937500003 0.8479662703124999 0.3257275125 0.8551587296875001
2 0.724867725 0.2581845234375 0.7103174609375 0.2514880953125 0.703703703125 0.25099206406249996 0.69312169375 0.2539682546875 0.6798941796875 0.25322420625 0.6749338625 0.2552083328125 0.6729497359375001 0.2576884921875 0.672288359375 0.26215277812500004 0.6749338625 0.2678571421875 0.678240740625 0.2708333328125 0.6785714281249999 0.2765376984375 0.6802248671875 0.2797619046875 0.7010582015625 0.29365079375 0.6977513234375 0.309771825 0.6977513234375 0.3164682546875 0.703703703125 0.3328373015625 0.7109788359375 0.3422619046875 0.71858465625 0.3487103171875 0.7275132281250001 0.3541666671875 0.7394179890625 0.359126984375 0.753637565625 0.36259920625 0.7698412703125 0.3635912703125 0.7870370375 0.3616071421875 0.80687830625 0.3556547625 0.81878306875 0.3492063484375 0.8330026453125001 0.33680555624999997 0.841269840625 0.32465277812500004 0.8455687828125 0.31150793593750004 0.8455687828125 0.297619046875 0.8422619046875001 0.28720238125 0.8379629625 0.2797619046875 0.8260582015625 0.2676091265625 0.8141534390625 0.2606646828125 0.8022486765625001 0.256200396875 0.784391534375 0.252976190625 0.7695105812499999 0.252480159375 0.7539682546875001 0.25446428593750003 0.7380952375 0.25892857187499996 0.7301587296875 0.259424603125 0.724867725 0.2581845234375
2 0.36838624375 0.150545634375 0.35548941875 0.15649801562500001 0.3488756609375 0.1574900796875 0.3458994703125 0.15972222187500001 0.3455687828125 0.162946428125 0.34722222187499996 0.166170634375 0.3458994703125 0.17088293593749998 0.349867725 0.174603175 0.3544973546875 0.184523809375 0.358796296875 0.18725198437499999 0.3700396828125 0.1917162703125 0.372354496875 0.2108134921875 0.378637565625 0.2229662703125 0.384920634375 0.23164682499999997 0.3948412703125 0.24107142812500001 0.40244709062500006 0.2462797625 0.4140211640625 0.2519841265625 0.42559523749999995 0.25595238125 0.44113756562499995 0.25868055624999997 0.4583333328125 0.25868055624999997 0.47585978906250004 0.2554563484375 0.4874338625 0.2512400796875 0.5 0.243799603125 0.51223545 0.23239087343749998 0.5208333328125 0.218501984375 0.5241402109375 0.2068452375 0.5241402109375 0.18998015937499999 0.5208333328125 0.177579365625 0.515542328125 0.1671626984375 0.50562169375 0.15625 0.49570105781249996 0.1488095234375 0.4861111109375 0.143601190625 0.47255290937499994 0.1383928578125 0.4517195765625 0.1351686515625 0.427910053125 0.13616071406250002 0.4113756609375 0.14112103125 0.391203703125 0.15277777812499999 0.36838624375 0.150545634375
2 0.23048941875 0.471230159375 0.2235449734375 0.4769345234375 0.21593915312499998 0.4853670640625 0.2017195765625 0.48511904687499996 0.1921296296875 0.48660714218749995 0.1832010578125 0.49156746093750003 0.178571428125 0.49677579375 0.1795634921875 0.5039682546875001 0.1832010578125 0.5071924609375 0.1878306875 0.5143849203124999 0.19444444375 0.518353175 0.20899470937500003 0.521825396875 0.2175925921875 0.537450396875 0.22916666718749998 0.5488591265625 0.2453703703125 0.5582837296875 0.25694444375000003 0.562251984375 0.2698412703125 0.564980159375 0.2860449734375 0.56572420625 0.3019179890625 0.5642361109375 0.311838625 0.561755953125 0.3293650796875 0.5543154765625 0.3416005296875 0.5458829359374999 0.3492063484375 0.5381944437499999 0.3544973546875 0.5297619046875 0.3581349203125 0.5193452375 0.35681216875 0.49553571406249997 0.353835978125 0.48759920625 0.3452380953125 0.4764384921875 0.3363095234375 0.46875 0.32473545000000004 0.462549603125 0.3174603171875 0.46006944375 0.296957671875 0.455605159375 0.2886904765625 0.4548611109375 0.2754629625 0.45535714218749995 0.252976190625 0.46006944375 0.24470899531249998 0.4632936515625 0.23048941875 0.471230159375
0 0.4272486765625 0.6046626984375 0.4113756609375 0.609623015625 0.400132275 0.61532738125 0.3921957671875 0.6212797625 0.383597884375 0.63095238125 0.3769841265625 0.643353175 0.3746693125 0.653769840625 0.374338625 0.6634424609375 0.377645503125 0.6758432546875001 0.38062169375 0.6822916671875 0.3885582015625 0.6927083328125 0.39748677187500003 0.700396825 0.4126984125 0.708829365625 0.4292328046875 0.7135416671875 0.43816137499999996 0.7147817453124999 0.45767195781250003 0.7145337296875 0.4669312171875 0.71279761875 0.48644179843749996 0.70634920625 0.49603174531249994 0.7008928578125 0.5049603171875 0.6939484125 0.51223545 0.6857638890625 0.51851851875 0.6741071421875 0.521164021875 0.6626984125 0.521494709375 0.6525297625 0.5271164015625 0.6517857140625 0.533730159375 0.6483134921875 0.541335978125 0.6418650796875001 0.5429894187500001 0.6391369046875 0.54398148125 0.6336805562500001 0.5380290999999999 0.6272321421875 0.5327380953125 0.6259920640625001 0.5261243390625 0.622271825 0.5205026453125 0.6210317453124999 0.5049603171875 0.6227678578125 0.490740740625 0.612351190625 0.48247354531250003 0.6083829359374999 0.4699074078125 0.6041666671875 0.4609788359375 0.6024305562500001 0.446428571875 0.6019345234375 0.4272486765625 0.6046626984375
0 0.7103174609375 0.47098214218749995 0.6990740734374999 0.4796626984375 0.69345238125 0.48635912656249997 0.6884920640625001 0.4947916671875 0.6851851859375 0.5049603171875 0.6851851859375 0.5171130953125 0.6875 0.5265376984375 0.691137565625 0.533978175 0.69973545 0.5451388890625 0.7106481484375 0.5535714281249999 0.7179232796874999 0.5575396828125 0.7324735453125 0.563244046875 0.7457010578125 0.5664682546875001 0.7486772484374999 0.5689484125 0.749338625 0.5731646828125 0.7572751328125 0.575644840625 0.7612433859375 0.575644840625 0.765873015625 0.5741567453124999 0.7695105812499999 0.5701884921875 0.7744709000000001 0.568700396875 0.7774470906250001 0.565972221875 0.796957671875 0.559771825 0.8052248671875001 0.5558035718750001 0.813161375 0.550347221875 0.8240740734375 0.5394345234375 0.8293650796875 0.5300099203124999 0.8323412703124999 0.5200892859375 0.8323412703124999 0.5066964281249999 0.8293650796875 0.497023809375 0.8234126984374999 0.486855159375 0.8128306875 0.47569444375 0.8052248671875001 0.46949404687499996 0.79398148125 0.4640376984375 0.778439153125 0.46006944375 0.7612433859375 0.45758928593750003 0.7453703703125 0.4583333328125 0.735119046875 0.46031746093750003 0.7205687828125 0.46552579375 0.7103174609375 0.47098214218749995
0 0 0.6736111109375 0.008928571875000001 0.6793154765625 0.0228174609375 0.685019840625 0.037037037499999995 0.6887400796875001 0.052579365625 0.69072420625 0.077711640625 0.6894841265625 0.0945767203125 0.6852678578125 0.109457671875 0.6798115078125 0.11970899531250001 0.6741071421875 0.13128306875 0.6644345234375 0.13624338593750002 0.6644345234375 0.1484788359375 0.6669146828125 0.15608465625 0.6669146828125 0.1636904765625 0.6634424609375 0.1772486765625 0.6629464281249999 0.18088624375 0.6609623015625 0.1828703703125 0.6579861109375 0.1825396828125 0.6542658734375 0.1742724875 0.6495535718750001 0.1739417984375 0.6421130953125 0.172288359375 0.6386408734375 0.1643518515625 0.6341765875 0.1498015875 0.6289682546875001 0.146494709375 0.6113591265625 0.14351851875 0.6046626984375 0.1355820109375 0.593501984375 0.122354496875 0.5835813484375 0.10714285781249999 0.5766369046875 0.0949074078125 0.5734126984375 0.08134920625 0.5716765875 0.0648148140625 0.5714285718750001 0.055224867187500006 0.572420634375 0.041005290625 0.575644840625 0.022486771875 0.5820932546875001 0.012896825 0.5870535718750001 0 0.596478175 0 0.6736111109375