1 0.7671875 0.56640625 0.0953125 0.14375
1 0.43359375 0.43671875 0.071875 0.103125
1 0.4421875 0.21640625 0.06875 0.10625
1 0.35234375 0.1421875 0.09375 0.10625
2 0.34140625 0.82734375 0.09375 0.1046875
2 0.3765625 0.6703125 0.075 0.128125
2 0.59375 0.47109375 0.078125 0.14375
2 0.603125 0.11953125 0.0875 0.121875
0 0.50625 0.35234375 0.084375 0.10625
0 0.75859375 0.3234375 0.0875 0.11875
0 0.596875 0.796875 0.1015625 0.1421875
0 0.47421875 0.96015625 0.0921875 0.0796875
2 0.3792162703125 0.8349867718749999 0.3787202375 0.8333333328125001 0.372023809375 0.83134920625 0.362351190625 0.8260582015625 0.3616071421875 0.809193121875 0.3581349203125 0.8009259265625 0.34970238125 0.790674603125 0.3415178578125 0.784722221875 0.3373015875 0.7830687828125 0.3301091265625 0.7824074078125001 0.32217261875 0.784391534375 0.3142361109375 0.7890211640625 0.3085317453125 0.79431216875 0.3020833328125 0.8075396828124999 0.2986111109375 0.8214285718750001 0.2988591265625 0.8382936515624999 0.3008432546875 0.8458994703125 0.3045634921875 0.8541666671874999 0.3082837296875 0.859788359375 0.31349206406249996 0.8644179890625001 0.325644840625 0.8697089953124999 0.3318452375 0.8700396828124999 0.3420138890625 0.8664021156249999 0.3501984125 0.859457671875 0.35342261875 0.8551587296875001 0.3673115078125 0.859126984375 0.3712797625 0.8518518515625001 0.3799603171875 0.853174603125 0.3814484125 0.849867725 0.381200396875 0.8396164015625001 0.3804563484375 0.837632275 0.377976190625 0.8373015875 0.3792162703125 0.8349867718749999
2 0.39384920625 0.628306878125 0.391369046875 0.624338625 0.3888888890625 0.615740740625 0.38616071406249997 0.6134259265625001 0.3834325390625 0.615079365625 0.38095238125 0.6230158734375 0.37549603125000003 0.6259920640625001 0.37400793593750004 0.628637565625 0.372519840625 0.6428571421875 0.362103175 0.646494709375 0.35243055624999997 0.6554232796874999 0.3474702375 0.665674603125 0.34474206406249996 0.6762566140625 0.344494046875 0.6924603171875 0.346478175 0.700396825 0.35044642812500004 0.7096560843749999 0.35887896874999997 0.7195767203125001 0.3695436515625 0.7245370375 0.38169642812500004 0.7242063484375 0.393105159375 0.7172619046875 0.4012896828125 0.70601851875 0.4045138890625 0.6977513234375 0.40625 0.6894841265625 0.40625 0.6706349203124999 0.40401785781250005 0.662367725 0.396329365625 0.6511243390625 0.3886408734375 0.6451719578125 0.3888888890625 0.64384920625 0.393353175 0.64318783125 0.39384920625 0.628306878125
2 0.6183035718750001 0.42394179843749996 0.6113591265625 0.41798941875000006 0.5949900796875001 0.41335978906250004 0.5885416671875 0.4136904765625 0.58407738125 0.415343915625 0.577380953125 0.41964285781250005 0.5731646828125 0.42394179843749996 0.565972221875 0.43518518593750005 0.5634920640625001 0.4427910046875 0.562251984375 0.45105820156250004 0.5625 0.46296296249999996 0.5647321421875 0.47255290937499994 0.5701884921875 0.484126984375 0.5793650796875001 0.4953703703125 0.5793650796875001 0.509259259375 0.5835813484375 0.515211640625 0.5860615078125 0.521164021875 0.5873015875 0.521825396875 0.591269840625 0.521494709375 0.5989583328125 0.5119047625 0.6001984125 0.500661375 0.6014384921875 0.49768518593750005 0.6113591265625 0.49272486718749997 0.6205357140625 0.4828042328125 0.62549603125 0.47089947031249996 0.627480159375 0.459986771875 0.627480159375 0.450396825 0.6259920640625001 0.44080687812499997 0.6235119046875 0.43353174531249994 0.6183035718750001 0.42394179843749996
2 0.6359126984375 0.0790343921875 0.63095238125 0.072089946875 0.6205357140625 0.065806878125 0.6138392859375 0.0644841265625 0.60615079375 0.065145503125 0.599950396875 0.0674603171875 0.593005953125 0.072420634375 0.5850694437499999 0.0823412703125 0.580853175 0.0922619046875 0.578869046875 0.10019841249999999 0.57762896875 0.1137566140625 0.578125 0.125 0.5716765875 0.140211640625 0.5711805562500001 0.1610449734375 0.5729166671875 0.1666666671875 0.574652778125 0.16898148125 0.5833333328125 0.16898148125 0.5890376984375 0.166005290625 0.597222221875 0.1544312171875 0.6111111109375 0.15608465625 0.61904761875 0.15376984062500001 0.628472221875 0.147156084375 0.6359126984375 0.1375661375 0.6418650796875001 0.12202380937499999 0.643105159375 0.1137566140625 0.643105159375 0.10284391562499999 0.6396329359374999 0.08664021093749999 0.6359126984375 0.0790343921875
1 0.2328125 0.35703125 0.071875 0.1125
0 0.3671875 0.3453125 0.071875 0.09375
2 0.234375 0.5875 0.071875 0.1
2 0.2321428578125 0.5446428578125 0.2224702375 0.5479497359375001 0.21130952343749998 0.558862434375 0.20833333281250002 0.5641534390625 0.2043650796875 0.5757275125 0.20362103125000003 0.5896164015625 0.2075892859375 0.6041666671875 0.21006944375 0.608796296875 0.21701388906250002 0.6170634921875 0.2197420640625 0.6240079359374999 0.2266865078125 0.63062169375 0.23363095312499998 0.6299603171875 0.234623015625 0.6253306875 0.2452876984375 0.6203703703125 0.2539682546875 0.6134259265625001 0.2614087296875 0.6021825390625 0.26512896874999997 0.5916005296875 0.2668650796875 0.577380953125 0.2633928578125 0.566137565625 0.25595238125 0.5542328046875 0.25 0.5489417984375 0.2445436515625 0.5459656078124999 0.2321428578125 0.5446428578125
1 0.23115079375 0.3101851859375 0.22544642812500001 0.3108465609375 0.2197420640625 0.31349206406249996 0.21304563437500001 0.31944444375000003 0.2085813484375 0.3257275125 0.2043650796875 0.3386243390625 0.20362103125000003 0.3501984125 0.20560515937499999 0.3607804234375 0.209325396875 0.3697089953125 0.21676587343749998 0.3796296296875 0.21602182499999997 0.39153439218749997 0.2197420640625 0.3991402109375 0.2232142859375 0.403439153125 0.2304067453125 0.40211640156249995 0.2353670640625 0.39451058125 0.2366071421875 0.387896825 0.247023809375 0.38392857187499996 0.2549603171875 0.3773148140625 0.25967261875 0.3700396828125 0.264880953125 0.3541666671875 0.26512896874999997 0.3452380953125 0.2604166671875 0.3303571421875 0.25322420625 0.3197751328125 0.24255952343749998 0.311838625 0.23115079375 0.3101851859375
0 0.450148809375 0.946759259375 0.4466765875 0.953042328125 0.4429563484375 0.9636243390624999 0.44072420625 0.9771825390625001 0.44072420625 0.9884259265625 0.4427083328125 0.999338625 0.505704365625 1 0.5076884921875 0.990740740625 0.5081845234375 0.978835978125 0.5076884921875 0.971230159375 0.5037202375 0.953703703125 0.5 0.9464285718750001 0.49404761875 0.9398148140625 0.48387896875 0.9328703703125001 0.478174603125 0.93121693125 0.471230159375 0.93121693125 0.4595734125 0.9361772484375 0.450148809375 0.946759259375
0 0.625744046875 0.76851851875 0.621527778125 0.7619047625 0.6148313484375 0.7546296296875 0.6004464281249999 0.7483465609375 0.5873015875 0.7496693125 0.5825892859375 0.7516534390625 0.5739087296875 0.7585978843750001 0.5679563484375 0.7675264546875 0.565476190625 0.7734788359375 0.562251984375 0.7900132281250001 0.562251984375 0.8015873015625001 0.5639880953125 0.8108465609375 0.5664682546875001 0.81845238125 0.5716765875 0.8290343921875 0.580853175 0.8392857140625001 0.5920138890625 0.84424603125 0.6044146828125 0.84424603125 0.615575396875 0.8389550265624999 0.6180555562500001 0.8389550265624999 0.6227678578125 0.84358465625 0.6272321421875 0.84391534375 0.634424603125 0.8392857140625001 0.637152778125 0.8270502640625 0.6369047625 0.8201058203124999 0.6336805562500001 0.815476190625 0.6326884921875 0.79332010625 0.631200396875 0.784391534375 0.625744046875 0.76851851875
1 0.79092261875 0.516203703125 0.7772817453124999 0.5102513234375 0.7646329359374999 0.5102513234375 0.7547123015625 0.5142195765625 0.747519840625 0.5195105812499999 0.7385912703125 0.53141534375 0.734375 0.5423280421875 0.7328869046875 0.5505952375 0.7331349203124999 0.565476190625 0.7366071421875 0.578373015625 0.7450396828125 0.5925925921874999 0.7547123015625 0.6015211640625 0.7547123015625 0.6130952375 0.755704365625 0.6167328046875 0.7633928578125 0.627645503125 0.7708333328125 0.627645503125 0.775545634375 0.6236772484374999 0.777777778125 0.6144179890625 0.778521825 0.6048280421875 0.7904265875 0.5982142859375 0.797619046875 0.5916005296875 0.8040674609374999 0.58134920625 0.8082837296875001 0.5664682546875001 0.8077876984374999 0.5482804234375 0.8060515875 0.541005290625 0.8015873015625001 0.5304232796874999 0.79092261875 0.516203703125
0 0.784226190625 0.2754629625 0.7792658734375 0.2748015875 0.775049603125 0.27678571406249997 0.7728174609375 0.2797619046875 0.7576884921875 0.278108465625 0.7445436515625 0.28174603125000003 0.7353670640625001 0.2886904765625 0.7296626984375 0.29596560781250003 0.7224702375 0.31150793593750004 0.7204861109375 0.322420634375 0.7202380953125 0.33399470937500003 0.72197420625 0.34391534375 0.724950396875 0.35251322812499997 0.7321428578125 0.3634259265625 0.737103175 0.36805555624999997 0.7445436515625 0.372354496875 0.752976190625 0.3746693125 0.762152778125 0.3746693125 0.7765376984375 0.36838624375 0.781994046875 0.3634259265625 0.787450396875 0.35615079375 0.7931547625 0.34424603125000003 0.7958829359374999 0.33134920625 0.79637896875 0.321759259375 0.7948908734375 0.309523809375 0.7904265875 0.2986111109375 0.7921626984375 0.2853835984375 0.7901785718750001 0.28141534375 0.784226190625 0.2754629625
0 0.5386904765625 0.311838625 0.537450396875 0.30687830625 0.5354662703125 0.30654761875 0.5329861109375 0.30820105781249996 0.5243055562500001 0.3075396828125 0.5193452375 0.3141534390625 0.5101686515625 0.3111772484375 0.49652777812500004 0.3125 0.48635912656249997 0.31878306875 0.481398809375 0.32473545000000004 0.47718253906249997 0.33267195781250003 0.4737103171875 0.3425925921875 0.47247023749999995 0.353174603125 0.47271825468750006 0.3617724875 0.47470238125 0.372023809375 0.478174603125 0.38062169375 0.48487103125 0.39021164062499997 0.4923115078125 0.396164021875 0.49801587343750003 0.3988095234375 0.509920634375 0.39947089999999996 0.5173611109375 0.396825396875 0.5260416671875 0.39021164062499997 0.5327380953125 0.3802910046875 0.5364583328125 0.3700396828125 0.5379464281249999 0.3611111109375 0.5376984125 0.347552909375 0.533978175 0.3333333328125 0.533978175 0.33068783125 0.536954365625 0.3257275125 0.53720238125 0.316137565625 0.5386904765625 0.311838625
0 0.3767361109375 0.3048941796875 0.36904761875 0.30357142812500004 0.359126984375 0.30555555624999997 0.3487103171875 0.3125 0.3415178578125 0.3230820109375 0.3382936515625 0.333664021875 0.3373015875 0.3429232796875 0.3387896828125 0.35615079375 0.338045634375 0.36937830625 0.3390376984375 0.37169312187500003 0.3479662703125 0.3773148140625 0.3578869046875 0.3855820109375 0.3668154765625 0.3885582015625 0.3730158734375 0.3888888890625 0.381200396875 0.3865740734375 0.39161706406249996 0.3789682546875 0.3970734125 0.37169312187500003 0.400049603125 0.3607804234375 0.4010416671875 0.3521825390625 0.4010416671875 0.3429232796875 0.39955357187499996 0.33134920625 0.3955853171875 0.322420634375 0.389880953125 0.3144841265625 0.3814484125 0.3072089953125 0.3767361109375 0.3048941796875
1 0.4203869046875 0.1851851859375 0.41493055625 0.1954365078125 0.4112103171875 0.21130952343749998 0.41195436562500004 0.22718253906250002 0.4169146828125 0.2420634921875 0.42633928593750003 0.2539682546875 0.437748015625 0.259589946875 0.44940476250000005 0.25892857187499996 0.46031746093750003 0.2523148140625 0.46428571406249997 0.246693121875 0.471726190625 0.22585978906249998 0.471726190625 0.2040343921875 0.46676587343750003 0.1917989421875 0.46304563437499996 0.1861772484375 0.45659722187499996 0.17989417968750002 0.44444444375 0.174603175 0.4322916671875 0.1759259265625 0.4273313484375 0.178571428125 0.4203869046875 0.1851851859375
1 0.38715277812500004 0.13624338593750002 0.3856646828125 0.1302910046875 0.38392857187499996 0.128637565625 0.3737599203125 0.124338625 0.369295634375 0.1273148140625 0.365079365625 0.11739417968750002 0.3613591265625 0.11177248749999999 0.349454365625 0.10185185156250001 0.3420138890625 0.09986772499999999 0.33407738125 0.09986772499999999 0.3244047625 0.1041666671875 0.3179563484375 0.11144179843749999 0.3125 0.1233465609375 0.3107638890625 0.13194444375 0.3107638890625 0.14417989375 0.311755953125 0.1511243390625 0.31597222187499996 0.1640211640625 0.32118055624999997 0.172288359375 0.330605159375 0.18055555625 0.3382936515625 0.1835317453125 0.3459821421875 0.183862434375 0.35615079375 0.17989417968750002 0.365079365625 0.1706349203125 0.3710317453125 0.15575396875 0.3821924609375 0.1550925921875 0.3831845234375 0.15410052968750002 0.38368055624999997 0.1498015875 0.3926091265625 0.1481481484375 0.39409722187499996 0.14417989375 0.39384920625 0.13988095312499998 0.3926091265625 0.1382275125 0.38715277812500004 0.13624338593750002