0 0.47890625 0.60546875 0.20625 0.153125
0 0.15 0.39765625 0.21875 0.184375
0 0.09296875 0.090625 0.1859375 0.18125
2 0.32578125 0.18984375 0.1953125 0.1609375
2 0.77890625 0.51484375 0.2 0.1703125
2 0.8109375 0.21171875 0.21875 0.171875
1 0.06875 0.63359375 0.1375 0.19375
2 0.80654761875 0.44345238125 0.8005952375 0.44717261875 0.7916666671875 0.455853175 0.765542328125 0.455853175 0.753306878125 0.45709325468750006 0.7394179890625 0.4605654765625 0.7225529093749999 0.4672619046875 0.7043650796875001 0.47991071406249997 0.6994047625 0.48487103125 0.69378306875 0.49553571406249997 0.6888227515625001 0.512152778125 0.6884920640625001 0.5238095234375 0.691137565625 0.533978175 0.6994047625 0.5491071421875 0.7103174609375 0.5610119046875 0.7205687828125 0.56845238125 0.7364417984375 0.5763888890625 0.7566137562499999 0.5823412703125 0.7721560843749999 0.584325396875 0.791005290625 0.58407738125 0.8085317453125 0.58134920625 0.8263888890625 0.575396825 0.8363095234375001 0.5701884921875 0.8485449734375001 0.5610119046875 0.8584656078125 0.55009920625 0.8644179890625001 0.5386904765625 0.8677248671875001 0.52529761875 0.8680555562500001 0.5141369046875 0.865410053125 0.5019841265625 0.859126984375 0.49032738125 0.8455687828125 0.4751984125 0.8455687828125 0.47197420625 0.8501984125 0.46502976250000005 0.8495370375 0.45659722187499996 0.8386243390624999 0.4429563484375 0.834325396875 0.439980159375 0.8300264546875 0.4389880953125 0.8174603171875001 0.43948412656249997 0.80654761875 0.44345238125
2 0.747354496875 0.16071428593749998 0.737103175 0.1698908734375 0.7268518515625 0.18303571406250002 0.721230159375 0.19444444375 0.71858465625 0.20833333281250002 0.71891534375 0.2234623015625 0.7235449734375 0.237847221875 0.73082010625 0.2487599203125 0.740410053125 0.2581845234375 0.7513227515625001 0.265625 0.7638888890625 0.27157738125 0.778769840625 0.2760416671875 0.7916666671875 0.27777777812500004 0.808862434375 0.27802579375 0.8250661375 0.2757936515625 0.8452380953124999 0.2698412703125 0.859126984375 0.263144840625 0.8740079359375 0.252976190625 0.8826058203124999 0.24479166718749998 0.89318783125 0.231398809375 0.8991402109375001 0.2197420640625 0.902777778125 0.206597221875 0.9024470906250001 0.19072420625 0.8971560843749999 0.1755952375 0.8875661375 0.16220238125 0.8766534390625 0.15178571406250002 0.8541666671874999 0.14037698437499999 0.84424603125 0.13715277812499999 0.8323412703124999 0.13616071406250002 0.808862434375 0.1364087296875 0.797288359375 0.137896825 0.7870370375 0.140625 0.76884920625 0.147321428125 0.747354496875 0.16071428593749998
2 0.252976190625 0.1453373015625 0.2453703703125 0.15550595312499998 0.241402115625 0.16344246093749998 0.2380952375 0.17534722187500001 0.23776455 0.18849206406250002 0.24173280468749997 0.20510912656250002 0.24801587343749998 0.21676587343749998 0.25892857187499996 0.22941468281250002 0.272156084375 0.2398313484375 0.28802910000000004 0.24801587343749998 0.3052248671875 0.2537202375 0.322089946875 0.2564484125 0.3382936515625 0.256200396875 0.3571428578125 0.252728175 0.3763227515625 0.2455357140625 0.3888888890625 0.23685515937499999 0.39947089999999996 0.22594246093749998 0.40674603125 0.21354166718749998 0.41071428593750003 0.200148809375 0.4110449734375 0.18700396875 0.4080687828125 0.1738591265625 0.3991402109375 0.15724206406250002 0.3885582015625 0.1448412703125 0.3753306875 0.134424603125 0.3617724875 0.1272321421875 0.32142857187499996 0.1170634921875 0.3141534390625 0.116071428125 0.303240740625 0.11681547656249999 0.2698412703125 0.13194444375 0.259259259375 0.1393849203125 0.252976190625 0.1453373015625
0 0 0 0 0.084821428125 0.0072751328125 0.093501984375 0.0198412703125 0.1046626984375 0.0489417984375 0.122271825 0.0505952375 0.143353175 0.055224867187500006 0.15029761875 0.059854496874999996 0.153273809375 0.0638227515625 0.1664186515625 0.066137565625 0.1696428578125 0.0701058203125 0.17237103125 0.0740740734375 0.17361111093749998 0.0830026453125 0.17237103125 0.084325396875 0.1703869046875 0.0853174609375 0.1584821421875 0.10019841249999999 0.15575396875 0.10449735468750002 0.150049603125 0.1074735453125 0.13467261875 0.110119046875 0.127728175 0.133597884375 0.11929563437499999 0.14351851875 0.1140873015625 0.153108465625 0.10689484062500001 0.159060846875 0.10019841249999999 0.166335978125 0.08829365156249999 0.1706349203125 0.0736607140625 0.1706349203125 0.05456349218749999 0.1673280421875 0.040178571875 0.1640211640625 0.0324900796875 0.159391534375 0.02529761875 0.1488095234375 0.013640873437500001 0.1415343921875 0.007192460937500001 0.13095238125 0 0 0
0 0.20238095312499998 0.3266369046875 0.18121693125 0.318204365625 0.1676587296875 0.314980159375 0.1511243390625 0.31349206406249996 0.13062169375 0.3144841265625 0.1207010578125 0.3162202375 0.103835978125 0.32118055624999997 0.083994709375 0.330853175 0.07506613749999999 0.33779761875 0.0638227515625 0.3516865078125 0.059523809375 0.360119046875 0.056547618749999994 0.3730158734375 0.056878306249999996 0.384920634375 0.0615079359375 0.39930555624999997 0.06944444375 0.4109623015625 0.0790343921875 0.421626984375 0.103174603125 0.43700396875 0.1230158734375 0.443700396875 0.14384920625 0.44717261875 0.178571428125 0.44717261875 0.17989417968750002 0.450148809375 0.18154761875 0.450644840625 0.18154761875 0.453125 0.184523809375 0.453373015625 0.1855158734375 0.455853175 0.1977513234375 0.466021825 0.21130952343749998 0.471230159375 0.222222221875 0.47222222187499996 0.228174603125 0.46949404687499996 0.23181216875000002 0.465773809375 0.234457671875 0.45659722187499996 0.23478835937500003 0.44444444375 0.222552909375 0.42782738125 0.222552909375 0.424603175 0.23181216875000002 0.41468253906249997 0.2380952375 0.40401785781250005 0.2423941796875 0.39112103125000003 0.24272486718750003 0.377728175 0.23941798906249998 0.36532738125 0.2357804234375 0.3578869046875 0.22916666718749998 0.34821428593750003 0.2175925921875 0.3365575390625 0.20238095312499998 0.3266369046875
0 0.415343915625 0.5610119046875 0.40575396875 0.57217261875 0.39947089999999996 0.5848214281249999 0.39649470937500003 0.5989583328125 0.3991402109375 0.622271825 0.3892195765625 0.6316964281249999 0.3885582015625 0.643601190625 0.39252645468749997 0.6483134921875 0.3981481484375 0.6515376984375 0.415343915625 0.6552579359374999 0.4292328046875 0.6542658734375 0.44146825468750006 0.6604662703125 0.4583333328125 0.66592261875 0.4768518515625 0.668402778125 0.4894179890625 0.668402778125 0.5039682546875001 0.6669146828125 0.5297619046875 0.658978175 0.5390211640625 0.6540178578125 0.5492724875 0.64657738125 0.5578703703125 0.637896825 0.5648148140625 0.6287202375 0.5710978843750001 0.615575396875 0.572089946875 0.610119046875 0.571759259375 0.593005953125 0.5671296296875 0.577380953125 0.5608465609375 0.5672123015625 0.5456349203124999 0.55282738125 0.5291005296875 0.544146825 0.5082671953125 0.5379464281249999 0.49272486718749997 0.5362103171875 0.4672619046875 0.536954365625 0.4507275125 0.541170634375 0.4375 0.546130953125 0.4292328046875 0.5505952375 0.415343915625 0.5610119046875
1 0 0.7147817453124999 0.0135582015625 0.716269840625 0.0320767203125 0.716269840625 0.046626984375 0.7147817453124999 0.0648148140625 0.7103174609375 0.0790343921875 0.7046130953125 0.0922619046875 0.69717261875 0.10185185156250001 0.6897321421875 0.10912698437499999 0.6822916671875 0.1170634921875 0.6698908734375 0.121693121875 0.65575396875 0.12202380937499999 0.643601190625 0.11970899531250001 0.6334325390625 0.11144179843749999 0.6183035718750001 0.103505290625 0.610119046875 0.0952380953125 0.6041666671875 0.083994709375 0.5987103171875 0.057870370312499995 0.59052579375 0.052579365625 0.5897817453124999 0.044312168750000006 0.5796130953125 0.040674603125 0.568700396875 0.0324074078125 0.5605158734375 0.021494709375 0.556299603125 0.0112433859375 0.5575396828125 0.0079365078125 0.559027778125 0 0.565476190625 0 0.7147817453124999