0 0.54609375 0.20546875 0.0875 0.08125
0 0.68984375 0.25078125 0.0921875 0.0828125
0 0.0890625 0.29921875 0.1125 0.06875
0 0.578125 0.70078125 0.1046875 0.065625
0 0.45546875 0.7375 0.084375 0.0859375
1 0.3765625 0.30078125 0.090625 0.084375
1 0.2546875 0.4375 0.0984375 0.0625
1 0.38671875 0.51015625 0.103125 0.0625
1 0.60703125 0.41640625 0.103125 0.0640625
1 0.44609375 0.59453125 0.0859375 0.08125
2 0.25625 0.675 0.09375 0.06875
2 0.56875 0.50078125 0.0921875 0.0625
2 0.74609375 0.55234375 0.090625 0.071875
2 0.925 0.48203125 0.0953125 0.078125
2 0.76328125 0.33828125 0.109375 0.0734375
1 0.3763227515625 0.3330853171875 0.38062169375 0.3397817453125 0.3859126984375 0.3415178578125 0.390542328125 0.3415178578125 0.39384920625 0.34027777812500004 0.3984788359375 0.334325396875 0.3984788359375 0.325396825 0.396825396875 0.318204365625 0.4074074078125 0.310019840625 0.41335978906250004 0.299851190625 0.41468253906249997 0.2951388890625 0.4140211640625 0.28472222187499996 0.409060846875 0.275545634375 0.3981481484375 0.26661706406249996 0.38392857187499996 0.2614087296875 0.3710317453125 0.2606646828125 0.35648148125 0.2638888890625 0.34821428593750003 0.268105159375 0.34325396874999997 0.27232142812500004 0.3363095234375 0.28447420625 0.3359788359375 0.294394840625 0.3396164015625 0.30282738125 0.3452380953125 0.309771825 0.3551587296875 0.3162202375 0.371362434375 0.3209325390625 0.3730158734375 0.322420634375 0.3763227515625 0.3330853171875
1 0.23148148124999998 0.45709325468750006 0.2397486765625 0.462053571875 0.246362434375 0.46453372968749995 0.25694444375000003 0.46651785781250005 0.26752645468749997 0.46651785781250005 0.2757936515625 0.46502976250000005 0.283730159375 0.462053571875 0.29232804218749997 0.455605159375 0.2989417984375 0.44618055625 0.30026454999999996 0.435019840625 0.2956349203125 0.424603175 0.2867063484375 0.41617063437499996 0.2734788359375 0.41046627031250005 0.258597884375 0.408730159375 0.241402115625 0.41195436562500004 0.23247354531250003 0.4166666671875 0.22718253906250002 0.41493055625 0.2166005296875 0.415178571875 0.2119709 0.41790674531249994 0.209656084375 0.421875 0.2123015875 0.42881944375 0.2202380953125 0.4327876984375 0.22056878281249997 0.440476190625 0.222552909375 0.44618055625 0.23148148124999998 0.45709325468750006
1 0.40178571406249997 0.5302579359374999 0.40972222187499996 0.5230654765625 0.4136904765625 0.5168650796875001 0.4242724875 0.516369046875 0.43121693125 0.5138888890625 0.4361772484375 0.509424603125 0.4361772484375 0.506200396875 0.43518518593750005 0.5039682546875001 0.43187830624999995 0.5014880953125 0.42526454999999996 0.4982638890625 0.41005290937499994 0.49677579375 0.40410052968750004 0.49032738125 0.39517195781250003 0.48511904687499996 0.3829365078125 0.481646825 0.372023809375 0.481398809375 0.3611111109375 0.4833829359375 0.34821428593750003 0.49007936562500004 0.339947090625 0.499751984375 0.3379629625 0.506200396875 0.3379629625 0.5116567453124999 0.3429232796875 0.5233134921875 0.3518518515625 0.53125 0.365740740625 0.5367063484375 0.38161375625 0.5376984125 0.39153439218749997 0.5352182546875001 0.40178571406249997 0.5302579359374999
1 0.42625661406250004 0.627480159375 0.43386243437500005 0.6302083328125 0.4424603171875 0.6316964281249999 0.4580026453125 0.6304563484375 0.471230159375 0.625248015625 0.48082010625000005 0.6165674609375 0.484788359375 0.606646825 0.48511904687499996 0.6009424609375 0.4828042328125 0.593005953125 0.4761904765625 0.5848214281249999 0.4636243390625 0.577380953125 0.465608465625 0.575148809375 0.46494709062500006 0.5642361109375 0.4606481484375 0.5585317453124999 0.4580026453125 0.556795634375 0.45535714218749995 0.55654761875 0.44874338593749996 0.5575396828125 0.44146825468750006 0.562251984375 0.43948412656249997 0.56572420625 0.4391534390625 0.574652778125 0.42592592656250006 0.578125 0.4169973546875 0.5845734125 0.41071428593750003 0.59375 0.409060846875 0.599454365625 0.41005290937499994 0.6103670640625001 0.4166666671875 0.6207837296875 0.42625661406250004 0.627480159375
1 0.58068783125 0.424355159375 0.5896164015625 0.4362599203125 0.5988756609375 0.44171627031250005 0.6041666671875 0.44345238125 0.6200396828125 0.4451884921875 0.6369047625 0.44072420625 0.6458333328125 0.435019840625 0.650132275 0.43030753906249997 0.6541005296875 0.4231150796875 0.6554232796874999 0.41319444375 0.6504629625 0.40252976250000005 0.640873015625 0.393353175 0.628637565625 0.3886408734375 0.6147486765625 0.387648809375 0.6008597890625 0.39012896874999997 0.591269840625 0.3953373015625 0.5793650796875001 0.390873015625 0.56812169375 0.3918650796875 0.5628306875 0.39508928593750003 0.5621693125 0.3980654765625 0.5628306875 0.4015376984375 0.5648148140625 0.40401785781250005 0.5740740734374999 0.408978175 0.578373015625 0.4126984125 0.58068783125 0.424355159375
0 0.42625661406250004 0.768353175 0.434854496875 0.7745535718750001 0.44312169375000005 0.7775297625 0.4507275125 0.778769840625 0.46527777812500004 0.77802579375 0.47982804218749997 0.7723214281249999 0.4854497359375 0.768353175 0.49007936562500004 0.763144840625 0.4947089953125 0.7522321421875 0.49437830624999995 0.7410714281249999 0.49140211562499997 0.734126984375 0.484126984375 0.7256944437499999 0.47255290937499994 0.718998015625 0.47255290937499994 0.7078373015625 0.4705687828125 0.7021329359374999 0.46660052968750004 0.6984126984375 0.459986771875 0.6976686515625 0.45502645468749997 0.6994047625 0.44940476250000005 0.703869046875 0.4484126984375 0.706597221875 0.44907407343749994 0.7105654765625 0.446428571875 0.71825396875 0.4325396828125 0.7237103171875 0.422288359375 0.7326388890625 0.41931216875 0.73759920625 0.41732804218749997 0.7447916671875 0.41931216875 0.7576884921875 0.42625661406250004 0.768353175
0 0.572420634375 0.728670634375 0.58167989375 0.730902778125 0.5916005296875 0.731398809375 0.5992063484375 0.7304067453124999 0.6084656078124999 0.7276785718750001 0.6200396828125 0.7197420640625001 0.6246693125 0.7135416671875 0.6269841265625 0.7073412703125 0.6273148140625 0.69717261875 0.6226851859375 0.6862599203124999 0.6130952375 0.6773313484375 0.6074735453125 0.674355159375 0.5988756609375 0.671626984375 0.5833333328125 0.6703869046875 0.5714285718750001 0.6728670640625001 0.5615079359374999 0.678075396875 0.553240740625 0.6875 0.5486111109375 0.6976686515625 0.5403439156250001 0.700396825 0.5353835984375 0.7046130953125 0.534391534375 0.7103174609375 0.5446428578125 0.716269840625 0.5542328046875 0.71552579375 0.5634920640625001 0.724454365625 0.572420634375 0.728670634375
0 0.0916005296875 0.32911706406249996 0.10714285781249999 0.32490079375 0.116402115625 0.31845238125 0.12202380937499999 0.310019840625 0.12466931249999999 0.297123015625 0.134259259375 0.2931547625 0.1375661375 0.2904265875 0.141203703125 0.284226190625 0.1415343921875 0.280505953125 0.137896825 0.2757936515625 0.13194444375 0.2740575390625 0.12003968281249999 0.2748015875 0.109788359375 0.2775297625 0.10251322812500001 0.2730654765625 0.09391534375 0.2698412703125 0.084325396875 0.2673611109375 0.07506613749999999 0.2668650796875 0.059854496874999996 0.26909722187499996 0.0515873015625 0.27232142812500004 0.0456349203125 0.2762896828125 0.040674603125 0.281498015625 0.037367725000000004 0.28794642812500004 0.0367063484375 0.299851190625 0.043981481249999996 0.31299603125000003 0.055555556250000006 0.322420634375 0.072089946875 0.328373015625 0.08101851875 0.3293650796875 0.0916005296875 0.32911706406249996
0 0.5370370375 0.23115079375 0.552579365625 0.23164682499999997 0.5601851859375 0.24032738125000003 0.5664682546875001 0.243799603125 0.5740740734374999 0.2452876984375 0.5790343921875001 0.2420634921875 0.5820105812499999 0.23685515937499999 0.5796957671875 0.2279265875 0.5757275125 0.2209821421875 0.583664021875 0.2110615078125 0.5856481484375 0.20585317500000003 0.5863095234375 0.194196428125 0.5853174609375 0.18998015937499999 0.5800264546875 0.18055555625 0.5704365078125 0.17237103125 0.5558862437500001 0.1671626984375 0.546296296875 0.1664186515625 0.5390211640625 0.1671626984375 0.528108465625 0.17013888906250002 0.5198412703125 0.17435515937499999 0.5145502640624999 0.178571428125 0.50628306875 0.1917162703125 0.5052910046875 0.20386904687500002 0.5069444437499999 0.20982142812500001 0.5119047625 0.2177579359375 0.5224867718749999 0.22619047656250002 0.528769840625 0.22916666718749998 0.5370370375 0.23115079375
0 0.7046957671875 0.28794642812500004 0.7080026453125 0.28794642812500004 0.708994709375 0.287450396875 0.708994709375 0.283978175 0.715608465625 0.2800099203125 0.7166005296875 0.27802579375 0.7142857140625 0.2678571421875 0.7242063484375 0.2601686515625 0.7298280421875 0.2517361109375 0.7321428578125 0.24330357187499999 0.73148148125 0.234375 0.7291666671875 0.22867063437500001 0.7238756609375 0.22147817500000003 0.7146164015625 0.21552579375 0.700396825 0.21130952343749998 0.688161375 0.2110615078125 0.671296296875 0.21552579375 0.6607142859375 0.2224702375 0.6524470906250001 0.234126984375 0.6498015875 0.24801587343749998 0.6544312171875 0.25892857187499996 0.6626984125 0.2673611109375 0.6759259265625001 0.2733134921875 0.690806878125 0.2748015875 0.6941137562499999 0.2849702375 0.703373015625 0.2864583328125 0.7046957671875 0.28794642812500004
2 0.2539682546875 0.699652778125 0.265873015625 0.697420634375 0.2797619046875 0.6994047625 0.2916666671875 0.6984126984375 0.2956349203125 0.6949404765625 0.2956349203125 0.6884920640625001 0.29298941875 0.68427579375 0.2867063484375 0.6793154765625 0.2886904765625 0.674603175 0.2890211640625 0.6676587296875 0.287367725 0.6612103171875 0.284060846875 0.655505953125 0.278108465625 0.650049603125 0.272156084375 0.64657738125 0.2619047625 0.643601190625 0.2519841265625 0.6428571421875 0.24107142812500001 0.644097221875 0.2328042328125 0.646825396875 0.228174603125 0.6493055562500001 0.222552909375 0.6542658734375 0.2146164015625 0.6644345234375 0.21263227499999998 0.6698908734375 0.21296296250000002 0.6773313484375 0.2166005296875 0.6862599203124999 0.22486772500000002 0.693700396875 0.2380952375 0.6986607140625 0.2539682546875 0.699652778125
2 0.5641534390625 0.5292658734375 0.5760582015625 0.528273809375 0.5899470906250001 0.5228174609375 0.599867725 0.5238095234375 0.6107804234375 0.5203373015625 0.6107804234375 0.5143849203124999 0.6084656078124999 0.5104166671875 0.6018518515625 0.5064484125 0.6005290999999999 0.493799603125 0.59358465625 0.4833829359375 0.5873015875 0.4789186515625 0.578373015625 0.4751984125 0.5697751328125 0.4734623015625 0.5608465609375 0.47321428593750003 0.5489417984375 0.4751984125 0.5403439156250001 0.4789186515625 0.5353835984375 0.4826388890625 0.5294312171875 0.4898313484375 0.5274470906250001 0.49627976250000005 0.527777778125 0.5047123015625 0.5300925921874999 0.5114087296875 0.534722221875 0.518353175 0.5400132281250001 0.5225694437499999 0.547288359375 0.5260416671875 0.5641534390625 0.5292658734375
2 0.715608465625 0.5858134921875 0.722222221875 0.5858134921875 0.7255290999999999 0.5848214281249999 0.735119046875 0.577876984375 0.7519841265625 0.5771329359374999 0.765873015625 0.5731646828125 0.7757936515625 0.5667162703125 0.7824074078125001 0.5570436515625 0.783730159375 0.5510912703125 0.7830687828125 0.54365079375 0.7800925921874999 0.537450396875 0.7741402109375 0.53075396875 0.76818783125 0.5265376984375 0.7589285718750001 0.5225694437499999 0.749338625 0.5208333328125 0.7397486765625 0.5205853171875 0.7294973546875 0.5223214281249999 0.7208994703125 0.5257936515625 0.7113095234375 0.5329861109375 0.7070105812499999 0.5396825390625 0.7053571421875 0.546130953125 0.70601851875 0.5533234125 0.7146164015625 0.56572420625 0.7096560843749999 0.5731646828125 0.7096560843749999 0.578125 0.7116402109375 0.5833333328125 0.715608465625 0.5858134921875
2 0.896164021875 0.51240079375 0.9024470906250001 0.515873015625 0.9080687828125 0.5176091265625 0.928240740625 0.5193452375 0.9371693125 0.518105159375 0.9464285718750001 0.51512896875 0.95667989375 0.5086805562500001 0.9636243390624999 0.5 0.966269840625 0.48859127031250005 0.9646164015625001 0.48214285781250005 0.958994709375 0.47445436562500004 0.9520502640625 0.46875 0.936838625 0.462053571875 0.9371693125 0.455605159375 0.934523809375 0.450148809375 0.9292328046874999 0.44618055625 0.9242724875 0.44593253906249997 0.916335978125 0.4479166671875 0.9110449734375001 0.45238095312500004 0.909722221875 0.455605159375 0.909391534375 0.4632936515625 0.8974867718749999 0.46800595312500004 0.8895502640625 0.4742063484375 0.884589946875 0.481894840625 0.8832671953125001 0.49131944375 0.8852513234374999 0.5012400796875001 0.890211640625 0.5074404765625 0.896164021875 0.51240079375
2 0.7132936515625 0.3670634921875 0.7169312171875 0.3697916671875 0.728505290625 0.3695436515625 0.7414021156249999 0.3640873015625 0.74404761875 0.3606150796875 0.7496693125 0.3606150796875 0.7638888890625 0.3643353171875 0.7794312171875 0.362103175 0.79332010625 0.35615079375 0.802910053125 0.3474702375 0.8072089953124999 0.33928571406249997 0.8078703703125001 0.3293650796875 0.8055555562500001 0.322420634375 0.8019179890625001 0.3172123015625 0.7956349203124999 0.311755953125 0.7853835984375 0.3070436515625 0.7744709000000001 0.3048115078125 0.7645502640624999 0.3048115078125 0.75628306875 0.306299603125 0.7480158734375 0.30927579375 0.73776455 0.31597222187499996 0.734788359375 0.31919642812500004 0.7298280421875 0.32862103125000003 0.7294973546875 0.3397817453125 0.7331349203124999 0.3474702375 0.73115079375 0.34697420625 0.7258597890625 0.3487103171875 0.7146164015625 0.35838293593750004 0.7132936515625 0.3670634921875