0 0.13203125 0.17265625 0.084375 0.1
0 0.128125 0.65859375 0.075 0.10625
0 0.32578125 0.88515625 0.075 0.1078125
0 0.746875 0.403125 0.078125 0.0921875
0 0.865625 0.60625 0.065625 0.109375
1 0.5640625 0.83828125 0.0703125 0.11875
1 0.43359375 0.77421875 0.05625 0.08125
1 0.53359375 0.32265625 0.05625 0.1
1 0.63671875 0.18984375 0.06875 0.0890625
1 0.253125 0.11875 0.0640625 0.078125
2 0.203125 0.34765625 0.05625 0.0859375
2 0.38515625 0.3078125 0.065625 0.0875
2 0.36953125 0.61484375 0.065625 0.08125
2 0.65625 0.53046875 0.059375 0.078125
2 0.70078125 0.7171875 0.065625 0.078125
2 0.396329365625 0.6001984125 0.3985615078125 0.590608465625 0.3983134921875 0.5866402109375 0.39657738125 0.584325396875 0.390873015625 0.5833333328125 0.3856646828125 0.5849867718749999 0.3802083328125 0.590608465625 0.3700396828125 0.5859788359375 0.3630952375 0.5859788359375 0.35615079375 0.5886243390625 0.3509424609375 0.5929232796874999 0.3457341265625 0.6008597890625 0.3422619046875 0.6124338625 0.3420138890625 0.6210317453124999 0.34474206406249996 0.6319444437499999 0.3489583328125 0.639880953125 0.3529265875 0.6448412703125 0.362351190625 0.6491402109375 0.36904761875 0.6491402109375 0.3737599203125 0.6474867718749999 0.38169642812500004 0.640542328125 0.3866567453125 0.6322751328125 0.3893849203125 0.621693121875 0.3891369046875 0.6081349203124999 0.396329365625 0.6001984125
2 0.4074900796875 0.3078703703125 0.4050099203125 0.2953042328125 0.40823412656249997 0.2926587296875 0.40972222187499996 0.2883597890625 0.40848214218749995 0.2757936515625 0.406001984375 0.2738095234375 0.4010416671875 0.2731481484375 0.3978174609375 0.27447089999999996 0.393105159375 0.2797619046875 0.3854166671875 0.2771164015625 0.3787202375 0.2771164015625 0.3697916671875 0.28108465625 0.3630952375 0.2886904765625 0.3608630953125 0.29298941875 0.3581349203125 0.3015873015625 0.3576388890625 0.3108465609375 0.35887896874999997 0.31911375625 0.3616071421875 0.3267195765625 0.3668154765625 0.33498677187500003 0.3710317453125 0.3389550265625 0.3769841265625 0.3422619046875 0.38169642812500004 0.34325396874999997 0.387896825 0.3429232796875 0.3953373015625 0.33928571406249997 0.4015376984375 0.33267195781250003 0.40674603125 0.3204365078125 0.4074900796875 0.3078703703125
2 0.22073412656250002 0.3267195765625 0.2142857140625 0.321097884375 0.21279761874999997 0.3128306875 0.20882936562499999 0.30820105781249996 0.206101190625 0.30687830625 0.20064484062500001 0.3101851859375 0.1976686515625 0.3174603171875 0.18998015937499999 0.321097884375 0.1837797625 0.32771164062499997 0.1795634921875 0.33697089999999996 0.178075396875 0.3492063484375 0.18030753906250002 0.362103175 0.1855158734375 0.37169312187500003 0.193700396875 0.378637565625 0.2021329359375 0.38161375625 0.21155753906250002 0.38062169375 0.21924603125000003 0.37599206406249996 0.224950396875 0.3673941796875 0.22842261874999997 0.35548941875 0.228174603125 0.34424603125000003 0.22445436562499999 0.33267195781250003 0.22073412656250002 0.3267195765625
2 0.6785714281249999 0.5621693125 0.678075396875 0.5552248671875 0.6790674609375 0.5489417984375 0.6763392859375 0.54365079375 0.6790674609375 0.5376984125 0.6803075390625 0.53174603125 0.6798115078125 0.51917989375 0.6741071421875 0.50562169375 0.6664186515625 0.49801587343750003 0.65947420625 0.4953703703125 0.6510416671875 0.4953703703125 0.6450892859375 0.49768518593750005 0.64012896875 0.5016534390625 0.63467261875 0.509259259375 0.6324404765625 0.515542328125 0.631200396875 0.53141534375 0.6321924609375 0.5370370375 0.6354166671875 0.5453042328125 0.640376984375 0.5519179890625 0.6450892859375 0.5555555562500001 0.6522817453124999 0.5582010578125 0.6639384921875 0.5575396828125 0.6681547625 0.5621693125 0.6731150796875001 0.5621693125 0.67509920625 0.5638227515625001 0.6773313484375 0.5638227515625001 0.6785714281249999 0.5621693125
2 0.7301587296875 0.715608465625 0.7304067453124999 0.709325396875 0.7291666671875 0.70667989375 0.7239583328125 0.7020502640624999 0.718998015625 0.7000661375 0.715277778125 0.6941137562499999 0.7085813484375 0.6878306875 0.702380953125 0.684854496875 0.69345238125 0.684523809375 0.684771825 0.6884920640625001 0.6788194437499999 0.6951058203125 0.674603175 0.70568783125 0.6736111109375 0.7172619046875 0.674603175 0.7242063484375 0.677579365625 0.7334656078124999 0.6830357140625 0.7417328046875 0.693204365625 0.7490079359374999 0.703869046875 0.75 0.7103174609375 0.7476851859375 0.7145337296875 0.74404761875 0.718501984375 0.7384259265625001 0.721478175 0.73148148125 0.7227182546875001 0.7235449734375 0.7301587296875 0.715608465625
0 0.889880953125 0.622023809375 0.8923611109375 0.6147486765625 0.893105159375 0.6021825390625 0.8893849203125 0.5889550265625 0.8824404765624999 0.578703703125 0.872519840625 0.572089946875 0.861855159375 0.5704365078125 0.8521825390625001 0.5740740734374999 0.846478175 0.578042328125 0.8427579359375 0.5823412703125 0.83779761875 0.5929232796874999 0.8365575390625001 0.60615079375 0.8385416671874999 0.6147486765625 0.8417658734375 0.622354496875 0.849950396875 0.6326058203125 0.859375 0.6375661375 0.8670634921874999 0.6382275125 0.869295634375 0.639880953125 0.875 0.639880953125 0.8794642859374999 0.6382275125 0.8824404765624999 0.63128306875 0.8856646828124999 0.628637565625 0.889880953125 0.622023809375
0 0.768601190625 0.42757936562500004 0.775049603125 0.41798941875000006 0.778769840625 0.40277777812500004 0.778273809375 0.3948412703125 0.775049603125 0.383597884375 0.7678571421875 0.3736772484375 0.7606646828125 0.36937830625 0.7552083328125 0.36805555624999997 0.75049603125 0.36805555624999997 0.7410714281249999 0.3710317453125 0.737103175 0.366402115625 0.7328869046875 0.36375661406250004 0.7274305562500001 0.3634259265625 0.7237103171875 0.36805555624999997 0.7232142859375 0.3746693125 0.7256944437499999 0.38161375625 0.7291666671875 0.3865740734375 0.7269345234375 0.396825396875 0.7269345234375 0.4074074078125 0.728174603125 0.4136904765625 0.7328869046875 0.42394179843749996 0.7388392859375 0.43022486718749997 0.747519840625 0.43419312187500003 0.7519841265625 0.434523809375 0.7614087296875 0.4325396828125 0.768601190625 0.42757936562500004
0 0.1666666671875 0.1828703703125 0.168898809375 0.1792328046875 0.16840277812499999 0.172288359375 0.1639384921875 0.16699735468750002 0.14905753906250002 0.16335978906249998 0.1448412703125 0.1544312171875 0.13740079375 0.146164021875 0.12822420625 0.14087301562500001 0.12127976250000001 0.1392195765625 0.112103175 0.14087301562500001 0.10615079375 0.1451719578125 0.10119047656249999 0.1514550265625 0.0974702375 0.1626984125 0.097222221875 0.1739417984375 0.100446428125 0.1878306875 0.10342261875 0.19411375625 0.1078869046875 0.2000661375 0.11532738125 0.20601851875000002 0.1240079359375 0.20899470937500003 0.1314484125 0.20899470937500003 0.13963293593749998 0.20634920625 0.146329365625 0.1990740734375 0.15277777812499999 0.18650793593749998 0.162450396875 0.1851851859375 0.1666666671875 0.1828703703125
0 0.1582341265625 0.68154761875 0.1550099203125 0.6739417984375 0.1522817453125 0.6703042328125 0.15625 0.6554232796874999 0.15575396875 0.640211640625 0.15029761875 0.628306878125 0.1418650796875 0.6207010578125 0.1359126984375 0.6183862437500001 0.12673611093749998 0.6177248671875 0.11904761875 0.6200396828125 0.1111111109375 0.625661375 0.10615079375 0.6316137562499999 0.10193452343750001 0.640211640625 0.099950396875 0.6478174609375 0.099454365625 0.659060846875 0.10094246093749999 0.666005290625 0.10391865156249999 0.6729497359375001 0.1076388890625 0.678240740625 0.11309523749999999 0.6828703703125 0.1235119046875 0.6865079359374999 0.1369047625 0.684854496875 0.14384920625 0.691137565625 0.1498015875 0.6927910046875 0.1550099203125 0.6924603171875 0.1574900796875 0.6891534390625 0.1582341265625 0.68154761875
0 0.3296130953125 0.8429232796875 0.3201884921875 0.84391534375 0.3110119046875 0.8501984125 0.3045634921875 0.860119046875 0.3005952375 0.8733465609375 0.30009920625 0.8855820109374999 0.30282738125 0.8978174609374999 0.30927579375 0.9080687828125 0.3162202375 0.9126984125 0.3301091265625 0.916335978125 0.3400297625 0.90575396875 0.346478175 0.8955026453125001 0.349950396875 0.8829365078125001 0.349950396875 0.8673941796875001 0.346478175 0.85648148125 0.3400297625 0.8475529093749999 0.3296130953125 0.8429232796875
1 0.5885416671875 0.8201058203124999 0.5895337296875 0.8138227515625 0.5890376984375 0.80687830625 0.5870535718750001 0.8042328046874999 0.5828373015625 0.803240740625 0.5771329359374999 0.8048941796875001 0.57217261875 0.809523809375 0.5709325390625 0.8121693125 0.5639880953125 0.809193121875 0.55927579375 0.808862434375 0.5491071421875 0.8128306875 0.5426587296875 0.8201058203124999 0.5404265875 0.8244047625 0.537450396875 0.834325396875 0.5367063484375 0.8452380953124999 0.5376984125 0.8525132281250001 0.5404265875 0.8611111109375 0.5481150796875001 0.871693121875 0.5577876984375 0.8766534390625 0.565972221875 0.8763227515625 0.5726686515625 0.8730158734375 0.578869046875 0.865740740625 0.5833333328125 0.8544973546874999 0.584325396875 0.8399470906250001 0.5820932546875001 0.827711640625 0.5885416671875 0.8201058203124999
1 0.45758928593750003 0.8085317453125 0.459821428125 0.8058862437500001 0.4578373015625 0.8009259265625 0.459325396875 0.796296296875 0.459325396875 0.7923280421875 0.45510912656249997 0.7860449734375 0.45734127031250005 0.7738095234375 0.455853175 0.7589285718750001 0.450396825 0.746362434375 0.4427083328125 0.7394179890625 0.43675595312500004 0.737103175 0.42906746093750003 0.737103175 0.4228670640625 0.7397486765625 0.4169146828125 0.74437830625 0.41220238125 0.7509920640625001 0.408730159375 0.759259259375 0.4074900796875 0.766203703125 0.4072420640625 0.7767857140625 0.408730159375 0.7857142859375 0.4114583328125 0.7926587296875 0.4166666671875 0.7999338625 0.422123015625 0.8042328046874999 0.4327876984375 0.80654761875 0.4449404765625 0.8019179890625001 0.4451884921875 0.8042328046874999 0.4476686515625 0.80687830625 0.45386904687499996 0.8058862437500001 0.45510912656249997 0.8078703703125001 0.45758928593750003 0.8085317453125
1 0.5456349203124999 0.346891534375 0.5458829359374999 0.33399470937500003 0.5540674609375 0.325396825 0.556795634375 0.31944444375000003 0.5587797625 0.3085317453125 0.5582837296875 0.2986111109375 0.5540674609375 0.2860449734375 0.5486111109375 0.2794312171875 0.5381944437499999 0.27447089999999996 0.53125 0.2748015875 0.5235615078125 0.278439153125 0.515625 0.2883597890625 0.5119047625 0.2999338625 0.5116567453124999 0.3108465609375 0.5136408734375 0.32076719531250003 0.5168650796875001 0.32771164062499997 0.5238095234375 0.33498677187500003 0.5302579359374999 0.3382936515625 0.53075396875 0.3458994703125 0.5329861109375 0.353835978125 0.5359623015625 0.3578042328125 0.5389384921875 0.3581349203125 0.540674603125 0.35747354531250003 0.5446428578125 0.3515211640625 0.5456349203124999 0.346891534375
1 0.671130953125 0.190476190625 0.6706349203124999 0.1759259265625 0.6666666671875 0.1643518515625 0.659722221875 0.15641534375 0.653521825 0.153439153125 0.646825396875 0.15277777812499999 0.643105159375 0.153439153125 0.6339285718750001 0.15839947031249998 0.6302083328125 0.1550925921875 0.6262400796875001 0.1547619046875 0.621527778125 0.15674603125 0.619295634375 0.159391534375 0.6183035718750001 0.16699735468750002 0.6202876984375 0.171957671875 0.624255953125 0.17625661406249998 0.6232638890625 0.19345238125 0.625 0.2017195765625 0.627976190625 0.208664021875 0.6354166671875 0.2166005296875 0.6423611109375 0.21924603125000003 0.6520337296875 0.21891534375 0.6607142859375 0.2132936515625 0.6676587296875 0.203373015625 0.671130953125 0.190476190625
1 0.281001984375 0.11144179843749999 0.275545634375 0.097552909375 0.2676091265625 0.0886243390625 0.2579365078125 0.084325396875 0.2487599203125 0.084986771875 0.240575396875 0.090608465625 0.2366071421875 0.096230159375 0.23387896874999997 0.10449735468750002 0.22916666718749998 0.10813492031250001 0.2279265875 0.1167328046875 0.2296626984375 0.121693121875 0.2333829359375 0.12466931249999999 0.2356150796875 0.13161375625 0.24255952343749998 0.14351851875 0.24950396874999997 0.14914021093750002 0.2564484125 0.15178571406250002 0.265625 0.1514550265625 0.2748015875 0.1448412703125 0.2797619046875 0.134920634375 0.281994046875 0.124338625 0.281001984375 0.11144179843749999