1 0.68828125 0.2109375 0.11875 0.0984375
1 0.390625 0.215625 0.11875 0.078125
1 0.7140625 0.33984375 0.10625 0.090625
1 0.5203125 0.44296875 0.10625 0.096875
1 0.72265625 0.79921875 0.1359375 0.0953125
2 0.18984375 0.34609375 0.121875 0.08125
2 0.0859375 0.5765625 0.1203125 0.1
2 0.26015625 0.528125 0.1375 0.0875
2 0.6484375 0.6078125 0.146875 0.0875
2 0.92578125 0.4421875 0.146875 0.09375
0 0.53125 0.34375 0.128125 0.084375
0 0.66953125 0.4734375 0.13125 0.090625
0 0.909375 0.67734375 0.13125 0.09375
0 0.375 0.7890625 0.1265625 0.103125
0 0.0984375 0.7796875 0.13125 0.0953125
0 0.5767195765625 0.3633432546875 0.58101851875 0.35615079375 0.5833333328125 0.34821428593750003 0.5826719578125 0.33779761875 0.5793650796875001 0.3303571421875 0.5730820109375 0.32217261875 0.5625 0.315476190625 0.552579365625 0.311755953125 0.541335978125 0.310019840625 0.5294312171875 0.309771825 0.5135582015625 0.3142361109375 0.5105820109375 0.3142361109375 0.5102513234375 0.315476190625 0.5046296296875 0.31919642812500004 0.500661375 0.31944444375000003 0.4986772484375 0.318204365625 0.49603174531249994 0.318204365625 0.4923941796875 0.3204365078125 0.48776454999999996 0.32142857187499996 0.4857804234375 0.3241567453125 0.484788359375 0.33482142812500004 0.487103175 0.33928571406249997 0.490410053125 0.341269840625 0.491071428125 0.3521825390625 0.49338624375 0.35887896874999997 0.5016534390625 0.369295634375 0.5165343921875001 0.37847222187499996 0.5353835984375 0.3824404765625 0.5396825390625 0.3824404765625 0.5512566140625 0.3799603171875 0.5638227515625001 0.374751984375 0.5767195765625 0.3633432546875
0 0.7017195765625 0.49156746093750003 0.70601851875 0.48363095312500004 0.712632275 0.481646825 0.7202380953125 0.47743055625 0.7238756609375 0.46949404687499996 0.7232142859375 0.4670138890625 0.7139550265625 0.4632936515625 0.7043650796875001 0.46180555625 0.6980820109375 0.453373015625 0.6878306875 0.4456845234375 0.6759259265625001 0.44097222187499996 0.6636904765625 0.4387400796875 0.6554232796874999 0.4387400796875 0.6451719578125 0.440228175 0.6392195765625 0.44171627031250005 0.627645503125 0.4466765875 0.6164021156249999 0.45634920625 0.6107804234375 0.46800595312500004 0.6104497359375001 0.47867063437499996 0.612103175 0.48511904687499996 0.6167328046875 0.493303571875 0.622023809375 0.4985119046875 0.63128306875 0.5044642859375 0.640542328125 0.5079365078125 0.6507936515625 0.5101686515625 0.6706349203124999 0.5091765875 0.6792328046875 0.5069444437499999 0.6891534390625 0.502480159375 0.697420634375 0.49652777812500004 0.7017195765625 0.49156746093750003
0 0.950396825 0.7021329359374999 0.9576719578124999 0.6927083328125 0.9603174609374999 0.681795634375 0.9642857140625001 0.6790674609375 0.966269840625 0.671626984375 0.966269840625 0.668402778125 0.9649470906250001 0.6669146828125 0.958664021875 0.6629464281249999 0.953042328125 0.6609623015625 0.9444444437499999 0.6525297625 0.934854496875 0.6460813484375 0.9169973546874999 0.6396329359374999 0.9047619046875001 0.638144840625 0.8892195765625001 0.6391369046875 0.8792989421874999 0.6418650796875001 0.8673941796875001 0.6473214281249999 0.8574735453125 0.65674603125 0.8528439156250001 0.6681547625 0.8525132281250001 0.67782738125 0.8544973546874999 0.68427579375 0.8614417984375 0.6954365078125 0.8673941796875001 0.7013888890625 0.8769841265625 0.7075892859375 0.887896825 0.7120535718750001 0.8994709000000001 0.7147817453124999 0.9107142859374999 0.71552579375 0.9229497359375 0.7145337296875 0.93154761875 0.712549603125 0.9417989421874999 0.7083333328125 0.950396825 0.7021329359374999
0 0.4011243390625 0.8206845234375001 0.4113756609375 0.815228175 0.42261904687499996 0.8050595234375001 0.4292328046875 0.7904265875 0.4295634921875 0.77802579375 0.4272486765625 0.7710813484375 0.421626984375 0.7619047625 0.41468253906249997 0.75595238125 0.4050925921875 0.750248015625 0.3988095234375 0.747519840625 0.3875661375 0.7447916671875 0.37599206406249996 0.7447916671875 0.36375661406250004 0.746527778125 0.3508597890625 0.7517361109375 0.3422619046875 0.7576884921875 0.3359788359375 0.7638888890625 0.328373015625 0.7795138890625 0.328703703125 0.7953869046875 0.3363095234375 0.8082837296875001 0.34821428593750003 0.8179563484375001 0.360119046875 0.8231646828124999 0.3614417984375 0.8258928578125 0.366402115625 0.8303571421875 0.3726851859375 0.8328373015625001 0.3796296296875 0.8325892859374999 0.384259259375 0.830853175 0.38723545000000004 0.8291170640625 0.3918650796875 0.8236607140625001 0.4011243390625 0.8206845234375001
0 0.1451719578125 0.7978670640625001 0.1511243390625 0.7884424609375 0.153439153125 0.78125 0.15376984062500001 0.77157738125 0.15178571406250002 0.7633928578125 0.14748677187499998 0.75595238125 0.13723544999999998 0.747271825 0.128306878125 0.7430555562500001 0.1170634921875 0.740079365625 0.10251322812500001 0.7395833328125 0.08630952343750001 0.7425595234375 0.06944444375 0.74950396875 0.06646825468749999 0.7517361109375 0.059193121875 0.752976190625 0.057539682812500006 0.7544642859375 0.057870370312499995 0.7581845234375 0.0548941796875 0.7609126984375 0.0505952375 0.7616567453124999 0.0509259265625 0.7693452375 0.047288359375 0.7797619046875 0.0479497359375 0.7956349203124999 0.049603175 0.799355159375 0.056878306249999996 0.8077876984374999 0.065145503125 0.8137400796875 0.0744047625 0.8177083328125001 0.0856481484375 0.8201884921874999 0.096891534375 0.8206845234375001 0.1104497359375 0.81845238125 0.12202380937499999 0.8147321421875 0.13260582031249998 0.809027778125 0.13988095312499998 0.8033234125 0.1451719578125 0.7978670640625001
2 0.11474867656250001 0.6212797625 0.115410053125 0.61904761875 0.12003968281249999 0.6148313484375 0.121693121875 0.6073908734375 0.1140873015625 0.5977182546875001 0.1140873015625 0.5949900796875001 0.12003968281249999 0.5920138890625 0.12665343906249998 0.5863095234375 0.13062169375 0.5801091265625 0.1322751328125 0.5736607140625 0.1322751328125 0.56572420625 0.1299603171875 0.55927579375 0.125 0.5520833328125 0.1170634921875 0.5451388890625 0.1051587296875 0.5389384921875 0.0949074078125 0.5357142859375 0.08101851875 0.534722221875 0.0677910046875 0.5359623015625 0.055886243749999995 0.5399305562500001 0.044312168750000006 0.547123015625 0.038029099999999996 0.5538194437499999 0.0333994703125 0.565228175 0.0333994703125 0.574652778125 0.0360449734375 0.5823412703125 0.041005290625 0.5890376984375 0.046296296875 0.593501984375 0.056547618749999994 0.5992063484375 0.0638227515625 0.6016865078125 0.08167989375 0.6041666671875 0.091269840625 0.6168154765625 0.1041666671875 0.6168154765625 0.10813492031250001 0.62177579375 0.11276455 0.622271825 0.11474867656250001 0.6212797625
2 0.2999338625 0.5431547625 0.3015873015625 0.5376984125 0.3019179890625 0.5243055562500001 0.315145503125 0.5146329359374999 0.3164682546875 0.512152778125 0.316137565625 0.5084325390625 0.31911375625 0.50595238125 0.3201058203125 0.5017361109375 0.31812169375 0.4990079359375 0.315145503125 0.49801587343750003 0.30820105781249996 0.49925595312500004 0.296626984375 0.49801587343750003 0.2860449734375 0.5039682546875001 0.2824074078125 0.5042162703125 0.2771164015625 0.5017361109375 0.2635582015625 0.4982638890625 0.2486772484375 0.49801587343750003 0.240740740625 0.4990079359375 0.227843915625 0.503472221875 0.21891534375 0.5091765875 0.21263227499999998 0.515376984375 0.20701058125 0.5270337296875 0.20667989375 0.5352182546875001 0.209656084375 0.5448908734375 0.2139550265625 0.5518353171875 0.2228835984375 0.55927579375 0.23247354531250003 0.5637400796875001 0.24570105781249998 0.5669642859375 0.25826719531250003 0.5672123015625 0.26752645468749997 0.56572420625 0.2757936515625 0.563244046875 0.284060846875 0.55927579375 0.2956349203125 0.549355159375 0.2999338625 0.5431547625
2 0.24007936562499999 0.35838293593750004 0.241402115625 0.3457341265625 0.23941798906249998 0.3387896828125 0.2354497359375 0.3318452375 0.23115079375 0.3268849203125 0.222552909375 0.3204365078125 0.2053571421875 0.3139880953125 0.184854496875 0.312748015625 0.1755952375 0.3144841265625 0.16798941875 0.3172123015625 0.1574074078125 0.3239087296875 0.1511243390625 0.33134920625 0.1484788359375 0.33705357187499996 0.146494709375 0.346230159375 0.14318783125 0.3479662703125 0.1415343921875 0.3516865078125 0.140542328125 0.359375 0.1448412703125 0.3633432546875 0.1514550265625 0.36607142812500004 0.15641534375 0.3665674609375 0.1640211640625 0.372271825 0.1769179890625 0.37822420625 0.1894841265625 0.381200396875 0.20238095312499998 0.3814484125 0.21164021093750002 0.3799603171875 0.2199074078125 0.3772321421875 0.23511904687500002 0.3670634921875 0.24007936562499999 0.35838293593750004
2 0.7043650796875001 0.6145833328125 0.7053571421875 0.609623015625 0.7046957671875 0.6009424609375 0.702380953125 0.5959821421875 0.6924603171875 0.5823412703125 0.68154761875 0.5758928578125 0.672288359375 0.5729166671875 0.6620370375 0.5711805562500001 0.6511243390625 0.5709325390625 0.6421957671875 0.57217261875 0.6292989421875 0.5763888890625 0.6200396828125 0.5830853171875 0.615410053125 0.5882936515625 0.6111111109375 0.596478175 0.610119046875 0.6081349203124999 0.5988756609375 0.6106150796875001 0.5945767203125001 0.6145833328125 0.5896164015625 0.6235119046875 0.5892857140625 0.6264880953125 0.591269840625 0.6299603171875 0.5982142859375 0.6329365078125 0.6117724875 0.6334325390625 0.6233465609375 0.6292162703125 0.6355820109375 0.6361607140625 0.6488095234375 0.639880953125 0.6653439156250001 0.640376984375 0.671957671875 0.6393849203124999 0.6865079359374999 0.634424603125 0.6984126984375 0.625 0.7043650796875001 0.6145833328125
2 1 0.424851190625 0.997023809375 0.4208829359375 0.9880952375 0.4139384921875 0.978505290625 0.40947420625 0.971560846875 0.4074900796875 0.9540343921875 0.406498015625 0.940145503125 0.4077380953125 0.928240740625 0.4117063484375 0.9199735453125 0.415674603125 0.9110449734375001 0.424355159375 0.8875661375 0.42410714218749995 0.884589946875 0.42534722187499996 0.8799603171875001 0.42534722187499996 0.871362434375 0.4295634921875 0.8697089953124999 0.43179563437499996 0.86904761875 0.43700396875 0.8763227515625 0.4429563484375 0.884259259375 0.4456845234375 0.8991402109375001 0.44866071406249997 0.9041005296875 0.4479166671875 0.908730159375 0.45734127031250005 0.91898148125 0.46651785781250005 0.9295634921874999 0.471726190625 0.941137565625 0.47470238125 0.9580026453125001 0.475446428125 0.9745370375 0.47222222187499996 0.9887566140624999 0.46552579375 1 0.45510912656249997 1 0.424851190625
1 0.7509920640625001 0.365575396875 0.7589285718750001 0.3546626984375 0.7615740734374999 0.3452380953125 0.7615740734374999 0.3390376984375 0.7576058203125 0.32911706406249996 0.75 0.3201884921875 0.7410714281249999 0.3144841265625 0.7265211640625 0.310019840625 0.721891534375 0.30555555624999997 0.716269840625 0.30381944375000003 0.7132936515625 0.3045634921875 0.7080026453125 0.310019840625 0.6914682546875001 0.31572420625 0.6805555562500001 0.3231646828125 0.6736111109375 0.33134920625 0.6696428578125 0.3422619046875 0.6696428578125 0.35069444375000003 0.672288359375 0.35838293593750004 0.6755952375 0.3635912703125 0.684193121875 0.3710317453125 0.6917989421875 0.375 0.6990740734374999 0.3772321421875 0.7080026453125 0.3787202375 0.71858465625 0.3787202375 0.7268518515625 0.377480159375 0.737103175 0.374255953125 0.74404761875 0.3707837296875 0.7509920640625001 0.365575396875
1 0.7169312171875 0.2517361109375 0.7199074078125001 0.2537202375 0.7242063484375 0.25322420625 0.7242063484375 0.25 0.7258597890625 0.24925595312499998 0.7294973546875 0.2435515875 0.7298280421875 0.23710317500000003 0.7268518515625 0.2279265875 0.7232142859375 0.2266865078125 0.7232142859375 0.2242063484375 0.7291666671875 0.21205357187499999 0.7294973546875 0.2016369046875 0.7278439156250001 0.1954365078125 0.7242063484375 0.1887400796875 0.7202380953125 0.18427579375 0.7123015875 0.17881944375 0.7007275125 0.17435515937499999 0.690806878125 0.17261904687500002 0.6785714281249999 0.1731150796875 0.6669973546875 0.1765873015625 0.65641534375 0.1825396828125 0.6484788359375 0.1889880953125 0.6425264546875 0.197420634375 0.6395502640624999 0.2070932546875 0.639880953125 0.2172619046875 0.6425264546875 0.22470238125000003 0.6481481484375 0.23239087343749998 0.65641534375 0.23933531718749998 0.6653439156250001 0.24330357187499999 0.674603175 0.2452876984375 0.684854496875 0.2462797625 0.690145503125 0.24479166718749998 0.6987433859375 0.24503968281250002 0.7013888890625 0.2457837296875 0.7073412703125 0.25099206406249996 0.7169312171875 0.2517361109375
1 0.44378306875 0.2229662703125 0.44411375625 0.215277778125 0.4424603171875 0.2068452375 0.43816137499999996 0.1989087296875 0.43386243437500005 0.194196428125 0.42757936562500004 0.18923611093749998 0.41865079375 0.184771825 0.40410052968750004 0.18154761875 0.39021164062499997 0.1820436515625 0.3766534390625 0.1862599203125 0.36805555624999997 0.1917162703125 0.3634259265625 0.19618055625 0.35978835937500003 0.2018849203125 0.35582010625 0.215773809375 0.3445767203125 0.21800595312499998 0.3373015875 0.22619047656250002 0.3373015875 0.23263888906250002 0.3425925921875 0.2366071421875 0.35251322812499997 0.2385912703125 0.365740740625 0.237847221875 0.377645503125 0.2457837296875 0.390542328125 0.25 0.39748677187500003 0.25099206406249996 0.41335978906250004 0.25 0.42559523749999995 0.2455357140625 0.4365079359375 0.237847221875 0.4388227515625 0.23511904687500002 0.44378306875 0.2229662703125
1 0.5558862437500001 0.47470238125 0.5615079359374999 0.468501984375 0.5644841265625 0.4635416671875 0.5667989421875 0.4548611109375 0.565145503125 0.4429563484375 0.5578703703125 0.431299603125 0.546626984375 0.4231150796875 0.537367725 0.419394840625 0.5320767203125001 0.41840277812500004 0.53075396875 0.4136904765625 0.528439153125 0.41071428593750003 0.5205026453125 0.4077380953125 0.5168650796875001 0.403273809375 0.5125661375 0.4045138890625 0.502976190625 0.41344246093750003 0.5013227515625001 0.41765872968749995 0.502645503125 0.4201388890625 0.49437830624999995 0.4236111109375 0.484457671875 0.4310515875 0.4791666671875 0.43824404687499996 0.47585978906250004 0.44742063437499996 0.4755291 0.45362103125 0.47718253906249997 0.4613095234375 0.48082010625000005 0.46825396875 0.48511904687499996 0.47321428593750003 0.4917328046875 0.478174603125 0.5 0.48239087343750003 0.5165343921875001 0.4861111109375 0.525132275 0.48635912656249997 0.5350529093749999 0.48487103125 0.5416666671875 0.4828869046875 0.55026455 0.47867063437499996 0.5558862437500001 0.47470238125
1 0.7615740734374999 0.8370535718750001 0.7678571421875 0.8333333328125001 0.7748015875 0.8271329359375 0.7794312171875 0.8201884921874999 0.7824074078125001 0.811755953125 0.7827380953125 0.8015873015625001 0.78141534375 0.7958829359374999 0.7771164015625 0.786954365625 0.7698412703125 0.778769840625 0.762896825 0.7735615078125 0.7513227515625001 0.7673611109375 0.7433862437500001 0.764880953125 0.73148148125 0.7638888890625 0.715939153125 0.764880953125 0.6994047625 0.7703373015625 0.690145503125 0.7770337296875 0.684854496875 0.78447420625 0.6822089953125 0.79092261875 0.6808862437500001 0.796626984375 0.6808862437500001 0.806795634375 0.677910053125 0.809027778125 0.6703042328125 0.8115079359375 0.6669973546875 0.815972221875 0.6676587296875 0.8268849203125 0.6703042328125 0.830605159375 0.672619046875 0.830853175 0.6765873015625 0.8333333328125001 0.6875 0.8335813484375001 0.6951058203125 0.8301091265625 0.6980820109375 0.8301091265625 0.7070105812499999 0.8360615078125001 0.721230159375 0.841021825 0.7328042328125 0.8425099203125 0.7457010578125 0.8420138890625 0.7615740734374999 0.8370535718750001