0 0.82734375 0.13203125 0.1 0.084375
0 0.34140625 0.128125 0.10625 0.075
0 0.11484375 0.32578125 0.1078125 0.075
0 0.596875 0.746875 0.0921875 0.078125
0 0.39375 0.865625 0.109375 0.065625
1 0.16171875 0.5640625 0.11875 0.0703125
1 0.22578125 0.43359375 0.08125 0.05625
1 0.67734375 0.53359375 0.1 0.05625
1 0.81015625 0.63671875 0.0890625 0.06875
1 0.88125 0.253125 0.078125 0.0640625
2 0.65234375 0.203125 0.0859375 0.05625
2 0.6921875 0.38515625 0.0875 0.065625
2 0.38515625 0.36953125 0.08125 0.065625
2 0.46953125 0.65625 0.078125 0.059375
2 0.2828125 0.70078125 0.078125 0.065625
2 0.3998015875 0.396329365625 0.409391534375 0.3985615078125 0.41335978906250004 0.3983134921875 0.415674603125 0.39657738125 0.4166666671875 0.390873015625 0.415013228125 0.3856646828125 0.409391534375 0.3802083328125 0.4140211640625 0.3700396828125 0.4140211640625 0.3630952375 0.4113756609375 0.35615079375 0.40707672031250003 0.3509424609375 0.3991402109375 0.3457341265625 0.3875661375 0.3422619046875 0.3789682546875 0.3420138890625 0.36805555624999997 0.34474206406249996 0.360119046875 0.3489583328125 0.3551587296875 0.3529265875 0.3508597890625 0.362351190625 0.3508597890625 0.36904761875 0.35251322812499997 0.3737599203125 0.359457671875 0.38169642812500004 0.3677248671875 0.3866567453125 0.37830687812499997 0.3893849203125 0.3918650796875 0.3891369046875 0.3998015875 0.396329365625
2 0.6921296296875 0.4074900796875 0.7046957671875 0.4050099203125 0.7073412703125 0.40823412656249997 0.7116402109375 0.40972222187499996 0.7242063484375 0.40848214218749995 0.7261904765625 0.406001984375 0.7268518515625 0.4010416671875 0.7255290999999999 0.3978174609375 0.7202380953125 0.393105159375 0.7228835984375 0.3854166671875 0.7228835984375 0.3787202375 0.71891534375 0.3697916671875 0.7113095234375 0.3630952375 0.7070105812499999 0.3608630953125 0.6984126984375 0.3581349203125 0.6891534390625 0.3576388890625 0.6808862437500001 0.35887896874999997 0.6732804234375 0.3616071421875 0.6650132281250001 0.3668154765625 0.6610449734375 0.3710317453125 0.6577380953125 0.3769841265625 0.65674603125 0.38169642812500004 0.6570767203125001 0.387896825 0.6607142859375 0.3953373015625 0.6673280421875 0.4015376984375 0.6795634921875 0.40674603125 0.6921296296875 0.4074900796875
2 0.6732804234375 0.22073412656250002 0.6789021156249999 0.2142857140625 0.6871693125 0.21279761874999997 0.6917989421875 0.20882936562499999 0.69312169375 0.206101190625 0.6898148140625 0.20064484062500001 0.6825396828125 0.1976686515625 0.6789021156249999 0.18998015937499999 0.672288359375 0.1837797625 0.6630290999999999 0.1795634921875 0.6507936515625 0.178075396875 0.637896825 0.18030753906250002 0.628306878125 0.1855158734375 0.621362434375 0.193700396875 0.6183862437500001 0.2021329359375 0.61937830625 0.21155753906250002 0.6240079359374999 0.21924603125000003 0.6326058203125 0.224950396875 0.6445105812499999 0.22842261874999997 0.65575396875 0.228174603125 0.6673280421875 0.22445436562499999 0.6732804234375 0.22073412656250002
2 0.4378306875 0.6785714281249999 0.44477513281250003 0.678075396875 0.45105820156250004 0.6790674609375 0.45634920625 0.6763392859375 0.4623015875 0.6790674609375 0.46825396875 0.6803075390625 0.48082010625000005 0.6798115078125 0.49437830624999995 0.6741071421875 0.5019841265625 0.6664186515625 0.5046296296875 0.65947420625 0.5046296296875 0.6510416671875 0.5023148140625 0.6450892859375 0.4983465609375 0.64012896875 0.490740740625 0.63467261875 0.484457671875 0.6324404765625 0.46858465625 0.631200396875 0.46296296249999996 0.6321924609375 0.4546957671875 0.6354166671875 0.4480820109375 0.640376984375 0.44444444375 0.6450892859375 0.44179894218750004 0.6522817453124999 0.4424603171875 0.6639384921875 0.4378306875 0.6681547625 0.4378306875 0.6731150796875001 0.4361772484375 0.67509920625 0.4361772484375 0.6773313484375 0.4378306875 0.6785714281249999
2 0.284391534375 0.7301587296875 0.290674603125 0.7304067453124999 0.29332010625 0.7291666671875 0.29794973593749996 0.7239583328125 0.2999338625 0.718998015625 0.30588624375 0.715277778125 0.3121693125 0.7085813484375 0.315145503125 0.702380953125 0.315476190625 0.69345238125 0.31150793593750004 0.684771825 0.3048941796875 0.6788194437499999 0.29431216875 0.674603175 0.2827380953125 0.6736111109375 0.2757936515625 0.674603175 0.26653439218749997 0.677579365625 0.25826719531250003 0.6830357140625 0.25099206406249996 0.693204365625 0.25 0.703869046875 0.2523148140625 0.7103174609375 0.25595238125 0.7145337296875 0.2615740734375 0.718501984375 0.26851851875 0.721478175 0.2764550265625 0.7227182546875001 0.284391534375 0.7301587296875
0 0.377976190625 0.889880953125 0.3852513234375 0.8923611109375 0.3978174609375 0.893105159375 0.4110449734375 0.8893849203125 0.42129629687500003 0.8824404765624999 0.427910053125 0.872519840625 0.4295634921875 0.861855159375 0.42592592656250006 0.8521825390625001 0.421957671875 0.846478175 0.41765872968749995 0.8427579359375 0.40707672031250003 0.83779761875 0.39384920625 0.8365575390625001 0.3852513234375 0.8385416671874999 0.377645503125 0.8417658734375 0.3673941796875 0.849950396875 0.3624338625 0.859375 0.3617724875 0.8670634921874999 0.360119046875 0.869295634375 0.360119046875 0.875 0.3617724875 0.8794642859374999 0.36871693125 0.8824404765624999 0.371362434375 0.8856646828124999 0.377976190625 0.889880953125
0 0.572420634375 0.768601190625 0.5820105812499999 0.775049603125 0.597222221875 0.778769840625 0.6051587296875 0.778273809375 0.6164021156249999 0.775049603125 0.6263227515625001 0.7678571421875 0.63062169375 0.7606646828125 0.6319444437499999 0.7552083328125 0.6319444437499999 0.75049603125 0.6289682546875001 0.7410714281249999 0.6335978843750001 0.737103175 0.6362433859375 0.7328869046875 0.6365740734374999 0.7274305562500001 0.6319444437499999 0.7237103171875 0.6253306875 0.7232142859375 0.6183862437500001 0.7256944437499999 0.6134259265625001 0.7291666671875 0.603174603125 0.7269345234375 0.5925925921874999 0.7269345234375 0.5863095234375 0.728174603125 0.5760582015625 0.7328869046875 0.5697751328125 0.7388392859375 0.565806878125 0.747519840625 0.565476190625 0.7519841265625 0.5674603171875 0.7614087296875 0.572420634375 0.768601190625
0 0.8171296296874999 0.1666666671875 0.8207671953125001 0.168898809375 0.827711640625 0.16840277812499999 0.8330026453125001 0.1639384921875 0.8366402109375001 0.14905753906250002 0.8455687828125 0.1448412703125 0.853835978125 0.13740079375 0.859126984375 0.12822420625 0.8607804234374999 0.12127976250000001 0.859126984375 0.112103175 0.8548280421875001 0.10615079375 0.8485449734375001 0.10119047656249999 0.8373015875 0.0974702375 0.8260582015625 0.097222221875 0.8121693125 0.100446428125 0.8058862437500001 0.10342261875 0.7999338625 0.1078869046875 0.79398148125 0.11532738125 0.791005290625 0.1240079359375 0.791005290625 0.1314484125 0.79365079375 0.13963293593749998 0.8009259265625 0.146329365625 0.8134920640625 0.15277777812499999 0.8148148140625 0.162450396875 0.8171296296874999 0.1666666671875
0 0.31845238125 0.1582341265625 0.3260582015625 0.1550099203125 0.3296957671875 0.1522817453125 0.3445767203125 0.15625 0.35978835937500003 0.15575396875 0.37169312187500003 0.15029761875 0.37929894218750004 0.1418650796875 0.38161375625 0.1359126984375 0.3822751328125 0.12673611093749998 0.3799603171875 0.11904761875 0.374338625 0.1111111109375 0.36838624375 0.10615079375 0.35978835937500003 0.10193452343750001 0.3521825390625 0.099950396875 0.340939153125 0.099454365625 0.33399470937500003 0.10094246093749999 0.32705026406250004 0.10391865156249999 0.321759259375 0.1076388890625 0.3171296296875 0.11309523749999999 0.31349206406249996 0.1235119046875 0.315145503125 0.1369047625 0.308862434375 0.14384920625 0.3072089953125 0.1498015875 0.3075396828125 0.1550099203125 0.3108465609375 0.1574900796875 0.31845238125 0.1582341265625
0 0.1570767203125 0.3296130953125 0.15608465625 0.3201884921875 0.1498015875 0.3110119046875 0.13988095312499998 0.3045634921875 0.12665343906249998 0.3005952375 0.1144179890625 0.30009920625 0.10218253906250001 0.30282738125 0.0919312171875 0.30927579375 0.0873015875 0.3162202375 0.08366402187500001 0.3301091265625 0.09424603125 0.3400297625 0.10449735468750002 0.346478175 0.1170634921875 0.349950396875 0.13260582031249998 0.349950396875 0.14351851875 0.346478175 0.152447090625 0.3400297625 0.1570767203125 0.3296130953125
1 0.17989417968750002 0.5885416671875 0.1861772484375 0.5895337296875 0.19312169375 0.5890376984375 0.1957671953125 0.5870535718750001 0.196759259375 0.5828373015625 0.19510582031249998 0.5771329359374999 0.190476190625 0.57217261875 0.1878306875 0.5709325390625 0.190806878125 0.5639880953125 0.191137565625 0.55927579375 0.1871693125 0.5491071421875 0.17989417968750002 0.5426587296875 0.1755952375 0.5404265875 0.165674603125 0.537450396875 0.1547619046875 0.5367063484375 0.14748677187499998 0.5376984125 0.13888888906250002 0.5404265875 0.128306878125 0.5481150796875001 0.1233465609375 0.5577876984375 0.12367724843750001 0.565972221875 0.1269841265625 0.5726686515625 0.134259259375 0.578869046875 0.14550264531249998 0.5833333328125 0.160052909375 0.584325396875 0.172288359375 0.5820932546875001 0.17989417968750002 0.5885416671875
1 0.1914682546875 0.45758928593750003 0.19411375625 0.459821428125 0.1990740734375 0.4578373015625 0.20370370312500002 0.459325396875 0.2076719578125 0.459325396875 0.2139550265625 0.45510912656249997 0.22619047656250002 0.45734127031250005 0.24107142812500001 0.455853175 0.253637565625 0.450396825 0.2605820109375 0.4427083328125 0.262896825 0.43675595312500004 0.262896825 0.42906746093750003 0.2602513234375 0.4228670640625 0.25562169375 0.4169146828125 0.2490079359375 0.41220238125 0.240740740625 0.408730159375 0.23379629687499998 0.4074900796875 0.2232142859375 0.4072420640625 0.2142857140625 0.408730159375 0.2073412703125 0.4114583328125 0.2000661375 0.4166666671875 0.1957671953125 0.422123015625 0.19345238125 0.4327876984375 0.1980820109375 0.4449404765625 0.1957671953125 0.4451884921875 0.19312169375 0.4476686515625 0.19411375625 0.45386904687499996 0.1921296296875 0.45510912656249997 0.1914682546875 0.45758928593750003
1 0.653108465625 0.5456349203124999 0.666005290625 0.5458829359374999 0.674603175 0.5540674609375 0.6805555562500001 0.556795634375 0.6914682546875001 0.5587797625 0.7013888890625 0.5582837296875 0.7139550265625 0.5540674609375 0.7205687828125 0.5486111109375 0.7255290999999999 0.5381944437499999 0.7251984125 0.53125 0.721560846875 0.5235615078125 0.7116402109375 0.515625 0.7000661375 0.5119047625 0.6891534390625 0.5116567453124999 0.6792328046875 0.5136408734375 0.672288359375 0.5168650796875001 0.6650132281250001 0.5238095234375 0.6617063484375 0.5302579359374999 0.6541005296875 0.53075396875 0.646164021875 0.5329861109375 0.6421957671875 0.5359623015625 0.6418650796875001 0.5389384921875 0.6425264546875 0.540674603125 0.6484788359375 0.5446428578125 0.653108465625 0.5456349203124999
1 0.809523809375 0.671130953125 0.8240740734375 0.6706349203124999 0.8356481484374999 0.6666666671875 0.84358465625 0.659722221875 0.846560846875 0.653521825 0.847222221875 0.646825396875 0.846560846875 0.643105159375 0.8416005296875 0.6339285718750001 0.8449074078125 0.6302083328125 0.8452380953124999 0.6262400796875001 0.84325396875 0.621527778125 0.840608465625 0.619295634375 0.8330026453125001 0.6183035718750001 0.828042328125 0.6202876984375 0.8237433859375001 0.624255953125 0.80654761875 0.6232638890625 0.7982804234375 0.625 0.791335978125 0.627976190625 0.7833994703125 0.6354166671875 0.78075396875 0.6423611109375 0.78108465625 0.6520337296875 0.7867063484375 0.6607142859375 0.796626984375 0.6676587296875 0.809523809375 0.671130953125
1 0.8885582015625 0.281001984375 0.9024470906250001 0.275545634375 0.9113756609375001 0.2676091265625 0.915674603125 0.2579365078125 0.9150132281250001 0.2487599203125 0.909391534375 0.240575396875 0.903769840625 0.2366071421875 0.8955026453125001 0.23387896874999997 0.8918650796875 0.22916666718749998 0.8832671953125001 0.2279265875 0.878306878125 0.2296626984375 0.8753306875 0.2333829359375 0.8683862437500001 0.2356150796875 0.85648148125 0.24255952343749998 0.8508597890624999 0.24950396874999997 0.8482142859374999 0.2564484125 0.8485449734375001 0.265625 0.8551587296875001 0.2748015875 0.865079365625 0.2797619046875 0.875661375 0.281994046875 0.8885582015625 0.281001984375