1 0.33046875 0.21953125 0.196875 0.121875
1 0.62265625 0.11015625 0.178125 0.1296875
1 0.46875 0.5734375 0.159375 0.134375
0 0.240625 0.48125 0.1734375 0.13125
0 0.54921875 0.34140625 0.2125 0.125
0 0.9015625 0.365625 0.196875 0.13125
2 0.728125 0.4890625 0.203125 0.125
2 0.56171875 0.803125 0.20625 0.146875
2 0.2375 0.6921875 0.1875 0.125
1 0.51917989375 0.6262400796875001 0.5300925921874999 0.6170634921875 0.5396825390625 0.6051587296875 0.5423280421875 0.5984623015625 0.54398148125 0.5833333328125 0.5423280421875 0.571924603125 0.5370370375 0.559027778125 0.5261243390625 0.5458829359374999 0.5119047625 0.5367063484375 0.5 0.53174603125 0.4854497359375 0.52802579375 0.46461640156249995 0.525545634375 0.45601851875 0.518105159375 0.44742063437499996 0.5146329359374999 0.4358465609375 0.5141369046875 0.42757936562500004 0.5178571421875 0.424603175 0.5205853171875 0.4206349203125 0.5275297625 0.4206349203125 0.5354662703125 0.422288359375 0.5401785718750001 0.412367725 0.546626984375 0.40542327968749997 0.5548115078125 0.400132275 0.5647321421875 0.397156084375 0.575396825 0.39748677187500003 0.59325396875 0.4011243390625 0.6056547625 0.40542327968749997 0.612847221875 0.4140211640625 0.622271825 0.422288359375 0.62822420625 0.43320105781249996 0.6334325390625 0.446428571875 0.637152778125 0.4623015875 0.6383928578125 0.48148148125 0.638144840625 0.49371693125 0.6364087296875 0.5089285718750001 0.6316964281249999 0.51917989375 0.6262400796875001
1 0.359457671875 0.2571924609375 0.3746693125 0.24032738125000003 0.4014550265625 0.24156746093749998 0.41997354531250003 0.23487103125000003 0.42261904687499996 0.2331349203125 0.4232804234375 0.23115079375 0.4229497359375 0.22445436562499999 0.4143518515625 0.2165178578125 0.40972222187499996 0.2145337296875 0.403439153125 0.21354166718749998 0.40410052968750004 0.21130952343749998 0.403108465625 0.2123015875 0.3998015875 0.2108134921875 0.40046296249999996 0.2095734125 0.396825396875 0.209325396875 0.3958333328125 0.21056547656250002 0.3948412703125 0.209325396875 0.39384920625 0.21056547656250002 0.3928571421875 0.20907738125000003 0.3882275125 0.2078373015625 0.38392857187499996 0.2078373015625 0.37929894218750004 0.20560515937499999 0.374338625 0.2053571421875 0.3634259265625 0.19072420625 0.349867725 0.1795634921875 0.3330026453125 0.17137896875 0.31349206406249996 0.1671626984375 0.2999338625 0.1669146828125 0.2883597890625 0.16840277812499999 0.277447090625 0.17137896875 0.26752645468749997 0.1760912703125 0.2579365078125 0.18303571406250002 0.2523148140625 0.1889880953125 0.246362434375 0.1984126984375 0.2423941796875 0.2108134921875 0.2420634921875 0.221726190625 0.24404761874999997 0.230902778125 0.25 0.24255952343749998 0.25595238125 0.25 0.26653439218749997 0.2591765875 0.2771164015625 0.26512896874999997 0.290674603125 0.27008928593750003 0.3009259265625 0.271825396875 0.32076719531250003 0.2720734125 0.33697089999999996 0.26909722187499996 0.3495370375 0.2638888890625 0.359457671875 0.2571924609375
1 0.6742724875 0.1448412703125 0.6851851859375 0.127728175 0.6894841265625 0.11259920625 0.6898148140625 0.10367063437499999 0.697089946875 0.10019841249999999 0.69973545 0.09375 0.6941137562499999 0.084821428125 0.688161375 0.08134920625 0.6805555562500001 0.0803571421875 0.6696428578125 0.0696924609375 0.658730159375 0.062748015625 0.6471560843749999 0.0580357140625 0.637896825 0.055803571875 0.627976190625 0.05481150781250001 0.6147486765625 0.0550595234375 0.5945767203125001 0.060019840625 0.584325396875 0.064980159375 0.5734126984375 0.07266865156249999 0.5674603171875 0.078373015625 0.5585317453124999 0.090773809375 0.552579365625 0.1078869046875 0.5522486765625 0.1202876984375 0.5555555562500001 0.1329365078125 0.563161375 0.146329365625 0.5727513234375 0.15550595312499998 0.5869709000000001 0.1636904765625 0.6001984125 0.1679067453125 0.608796296875 0.168898809375 0.63128306875 0.1681547625 0.6418650796875001 0.165674603125 0.6517857140625 0.1612103171875 0.666005290625 0.1520337296875 0.6742724875 0.1448412703125
2 0.275132275 0.7418154765625 0.2896825390625 0.7485119046875 0.296296296875 0.7490079359374999 0.30687830625 0.7460317453124999 0.3201058203125 0.74677579375 0.3250661375 0.7447916671875 0.32705026406250004 0.7423115078125 0.32771164062499997 0.737847221875 0.3250661375 0.7321428578125 0.321759259375 0.7291666671875 0.32142857187499996 0.7234623015625 0.3197751328125 0.7202380953125 0.2989417984375 0.70634920625 0.3022486765625 0.690228175 0.3022486765625 0.6835317453124999 0.296296296875 0.6671626984375 0.2890211640625 0.6577380953125 0.28141534375 0.6512896828125 0.27248677187500003 0.6458333328125 0.2605820109375 0.640873015625 0.246362434375 0.63740079375 0.2301587296875 0.6364087296875 0.21296296250000002 0.6383928578125 0.19312169375 0.6443452375 0.18121693125 0.6507936515625 0.16699735468750002 0.6631944437499999 0.15873015937499999 0.675347221875 0.1544312171875 0.6884920640625001 0.1544312171875 0.702380953125 0.1577380953125 0.71279761875 0.1620370375 0.7202380953125 0.1739417984375 0.7323908734375 0.18584656093750002 0.7393353171875 0.1977513234375 0.743799603125 0.215608465625 0.747023809375 0.23048941875 0.747519840625 0.2460317453125 0.7455357140625 0.2619047625 0.7410714281249999 0.2698412703125 0.740575396875 0.275132275 0.7418154765625
2 0.6316137562499999 0.849454365625 0.6445105812499999 0.843501984375 0.6511243390625 0.8425099203125 0.6541005296875 0.840277778125 0.6544312171875 0.8370535718750001 0.652777778125 0.833829365625 0.6541005296875 0.8291170640625 0.650132275 0.825396825 0.6455026453125 0.815476190625 0.641203703125 0.812748015625 0.6299603171875 0.8082837296875001 0.627645503125 0.7891865078125 0.621362434375 0.7770337296875 0.615079365625 0.768353175 0.6051587296875 0.7589285718750001 0.5975529093749999 0.7537202375 0.5859788359375 0.7480158734375 0.5744047625 0.74404761875 0.558862434375 0.7413194437499999 0.5416666671875 0.7413194437499999 0.5241402109375 0.7445436515625 0.5125661375 0.7487599203124999 0.5 0.756200396875 0.48776454999999996 0.7676091265625 0.4791666671875 0.781498015625 0.47585978906250004 0.7931547625 0.47585978906250004 0.810019840625 0.4791666671875 0.822420634375 0.484457671875 0.8328373015625001 0.49437830624999995 0.84375 0.5042989421875 0.8511904765624999 0.5138888890625 0.856398809375 0.5274470906250001 0.8616071421875 0.5482804234375 0.8648313484375001 0.572089946875 0.8638392859374999 0.5886243390625 0.85887896875 0.608796296875 0.847222221875 0.6316137562499999 0.849454365625
2 0.7695105812499999 0.528769840625 0.7764550265625 0.5230654765625 0.784060846875 0.5146329359374999 0.7982804234375 0.514880953125 0.8078703703125001 0.5133928578125 0.8167989421874999 0.5084325390625 0.8214285718750001 0.50322420625 0.8204365078125001 0.49603174531249994 0.8167989421874999 0.49280753906249997 0.8121693125 0.4856150796875 0.8055555562500001 0.481646825 0.791005290625 0.478174603125 0.7824074078125001 0.462549603125 0.7708333328125 0.45114087343750003 0.7546296296875 0.44171627031250005 0.7430555562500001 0.437748015625 0.7301587296875 0.435019840625 0.7139550265625 0.43427579375 0.6980820109375 0.4357638890625 0.688161375 0.43824404687499996 0.6706349203124999 0.4456845234375 0.6583994703125 0.4541170640625 0.6507936515625 0.46180555625 0.6455026453125 0.4702380953125 0.6418650796875001 0.48065476250000005 0.64318783125 0.5044642859375 0.646164021875 0.51240079375 0.6547619046875 0.5235615078125 0.6636904765625 0.53125 0.67526455 0.537450396875 0.6825396828125 0.5399305562500001 0.703042328125 0.544394840625 0.7113095234375 0.5451388890625 0.7245370375 0.5446428578125 0.747023809375 0.5399305562500001 0.7552910046875 0.5367063484375 0.7695105812499999 0.528769840625
0 0.5727513234375 0.3953373015625 0.5886243390625 0.390376984375 0.599867725 0.38467261875 0.6078042328125 0.3787202375 0.6164021156249999 0.36904761875 0.6230158734375 0.356646825 0.6253306875 0.346230159375 0.625661375 0.3365575390625 0.622354496875 0.3241567453125 0.61937830625 0.3177083328125 0.6114417984375 0.3072916671875 0.6025132281250001 0.299603175 0.5873015875 0.291170634375 0.5707671953125 0.2864583328125 0.561838625 0.2852182546875 0.5423280421875 0.2854662703125 0.5330687828125 0.28720238125 0.5135582015625 0.29365079375 0.5039682546875001 0.2991071421875 0.4950396828125 0.3060515875 0.48776454999999996 0.3142361109375 0.48148148125 0.3258928578125 0.47883597812499995 0.3373015875 0.47850529062499997 0.3474702375 0.47288359843750005 0.34821428593750003 0.466269840625 0.3516865078125 0.45866402187500005 0.3581349203125 0.45701058124999994 0.3608630953125 0.45601851875 0.36631944375000003 0.4619709 0.3727678578125 0.4672619046875 0.37400793593750004 0.4738756609375 0.377728175 0.4794973546875 0.3789682546875 0.4950396828125 0.3772321421875 0.509259259375 0.387648809375 0.5175264546875 0.39161706406249996 0.5300925921874999 0.3958333328125 0.5390211640625 0.39756944375000003 0.5535714281249999 0.3980654765625 0.5727513234375 0.3953373015625
0 0.2896825390625 0.5290178578125 0.3009259265625 0.5203373015625 0.30654761875 0.5136408734375 0.31150793593750004 0.5052083328125 0.3148148140625 0.4950396828125 0.3148148140625 0.4828869046875 0.3125 0.4734623015625 0.308862434375 0.466021825 0.30026454999999996 0.4548611109375 0.2893518515625 0.446428571875 0.2820767203125 0.4424603171875 0.26752645468749997 0.43675595312500004 0.25429894218750004 0.43353174531249994 0.2513227515625 0.4310515875 0.250661375 0.4268353171875 0.24272486718750003 0.424355159375 0.2387566140625 0.424355159375 0.234126984375 0.42584325468750006 0.23048941875 0.4298115078125 0.2255291 0.431299603125 0.222552909375 0.43402777812500004 0.203042328125 0.440228175 0.1947751328125 0.444196428125 0.18683862499999998 0.44965277812500004 0.1759259265625 0.4605654765625 0.1706349203125 0.4699900796875 0.1676587296875 0.47991071406249997 0.1676587296875 0.493303571875 0.1706349203125 0.502976190625 0.1765873015625 0.513144840625 0.1871693125 0.5243055562500001 0.1947751328125 0.530505953125 0.20601851875000002 0.5359623015625 0.22156084687500002 0.5399305562500001 0.2387566140625 0.5424107140625 0.2546296296875 0.5416666671875 0.264880953125 0.5396825390625 0.2794312171875 0.53447420625 0.2896825390625 0.5290178578125
0 1 0.3263888890625 0.9910714281249999 0.3206845234375 0.9771825390625001 0.314980159375 0.9629629625 0.3112599203125 0.947420634375 0.30927579375 0.922288359375 0.3105158734375 0.9054232796875 0.3147321421875 0.890542328125 0.3201884921875 0.8802910046875001 0.3258928578125 0.86871693125 0.3355654765625 0.8637566140624999 0.3355654765625 0.8515211640624999 0.3330853171875 0.84391534375 0.3330853171875 0.8363095234375001 0.3365575390625 0.8227513234374999 0.33705357187499996 0.8191137562499999 0.3390376984375 0.8171296296874999 0.3420138890625 0.8174603171875001 0.3457341265625 0.8257275125 0.35044642812500004 0.8260582015625 0.3578869046875 0.827711640625 0.3613591265625 0.8356481484374999 0.3658234125 0.8501984125 0.3710317453125 0.853505290625 0.3886408734375 0.85648148125 0.3953373015625 0.8644179890625001 0.406498015625 0.877645503125 0.4164186515625 0.8928571421875 0.4233630953125 0.9050925921875 0.4265873015625 0.91865079375 0.4283234125 0.9351851859375 0.428571428125 0.9447751328124999 0.42757936562500004 0.958994709375 0.424355159375 0.9775132281250001 0.41790674531249994 0.987103175 0.412946428125 1 0.403521825 1 0.3263888890625