1 0.7890625 0.68828125 0.0984375 0.11875
1 0.784375 0.390625 0.078125 0.11875
1 0.66015625 0.7140625 0.090625 0.10625
1 0.55703125 0.5203125 0.096875 0.10625
1 0.20078125 0.72265625 0.0953125 0.1359375
2 0.65390625 0.18984375 0.08125 0.121875
2 0.4234375 0.0859375 0.1 0.1203125
2 0.471875 0.26015625 0.0875 0.1375
2 0.3921875 0.6484375 0.0875 0.146875
2 0.5578125 0.92578125 0.09375 0.146875
0 0.65625 0.53125 0.084375 0.128125
0 0.5265625 0.66953125 0.090625 0.13125
0 0.32265625 0.909375 0.09375 0.13125
0 0.2109375 0.375 0.103125 0.1265625
0 0.2203125 0.0984375 0.0953125 0.13125
0 0.6366567453124999 0.5767195765625 0.64384920625 0.58101851875 0.6517857140625 0.5833333328125 0.66220238125 0.5826719578125 0.6696428578125 0.5793650796875001 0.67782738125 0.5730820109375 0.684523809375 0.5625 0.688244046875 0.552579365625 0.689980159375 0.541335978125 0.690228175 0.5294312171875 0.6857638890625 0.5135582015625 0.6857638890625 0.5105820109375 0.684523809375 0.5102513234375 0.6808035718750001 0.5046296296875 0.6805555562500001 0.500661375 0.681795634375 0.4986772484375 0.681795634375 0.49603174531249994 0.6795634921875 0.4923941796875 0.6785714281249999 0.48776454999999996 0.6758432546875001 0.4857804234375 0.6651785718750001 0.484788359375 0.6607142859375 0.487103175 0.658730159375 0.490410053125 0.6478174609375 0.491071428125 0.64112103125 0.49338624375 0.630704365625 0.5016534390625 0.621527778125 0.5165343921875001 0.6175595234375 0.5353835984375 0.6175595234375 0.5396825390625 0.6200396828125 0.5512566140625 0.625248015625 0.5638227515625001 0.6366567453124999 0.5767195765625
0 0.5084325390625 0.7017195765625 0.516369046875 0.70601851875 0.518353175 0.712632275 0.5225694437499999 0.7202380953125 0.530505953125 0.7238756609375 0.5329861109375 0.7232142859375 0.5367063484375 0.7139550265625 0.5381944437499999 0.7043650796875001 0.546626984375 0.6980820109375 0.5543154765625 0.6878306875 0.559027778125 0.6759259265625001 0.5612599203124999 0.6636904765625 0.5612599203124999 0.6554232796874999 0.559771825 0.6451719578125 0.5582837296875 0.6392195765625 0.5533234125 0.627645503125 0.54365079375 0.6164021156249999 0.531994046875 0.6107804234375 0.521329365625 0.6104497359375001 0.514880953125 0.612103175 0.5066964281249999 0.6167328046875 0.5014880953125 0.622023809375 0.49553571406249997 0.63128306875 0.4920634921875 0.640542328125 0.4898313484375 0.6507936515625 0.4908234125 0.6706349203124999 0.49305555625 0.6792328046875 0.497519840625 0.6891534390625 0.503472221875 0.697420634375 0.5084325390625 0.7017195765625
0 0.29786706406249996 0.950396825 0.3072916671875 0.9576719578124999 0.318204365625 0.9603174609374999 0.3209325390625 0.9642857140625001 0.328373015625 0.966269840625 0.33159722187499996 0.966269840625 0.3330853171875 0.9649470906250001 0.33705357187499996 0.958664021875 0.3390376984375 0.953042328125 0.3474702375 0.9444444437499999 0.3539186515625 0.934854496875 0.36036706406249996 0.9169973546874999 0.361855159375 0.9047619046875001 0.3608630953125 0.8892195765625001 0.3581349203125 0.8792989421874999 0.35267857187499996 0.8673941796875001 0.34325396874999997 0.8574735453125 0.3318452375 0.8528439156250001 0.32217261875 0.8525132281250001 0.31572420625 0.8544973546874999 0.3045634921875 0.8614417984375 0.2986111109375 0.8673941796875001 0.29241071406249997 0.8769841265625 0.28794642812500004 0.887896825 0.2852182546875 0.8994709000000001 0.28447420625 0.9107142859374999 0.2854662703125 0.9229497359375 0.287450396875 0.93154761875 0.2916666671875 0.9417989421874999 0.29786706406249996 0.950396825
0 0.1793154765625 0.4011243390625 0.184771825 0.4113756609375 0.1949404765625 0.42261904687499996 0.2095734125 0.4292328046875 0.22197420625 0.4295634921875 0.2289186515625 0.4272486765625 0.2380952375 0.421626984375 0.24404761874999997 0.41468253906249997 0.249751984375 0.4050925921875 0.252480159375 0.3988095234375 0.2552083328125 0.3875661375 0.2552083328125 0.37599206406249996 0.25347222187499996 0.36375661406250004 0.24826388906250002 0.3508597890625 0.2423115078125 0.3422619046875 0.23611111093749998 0.3359788359375 0.22048611093749998 0.328373015625 0.2046130953125 0.328703703125 0.1917162703125 0.3363095234375 0.1820436515625 0.34821428593750003 0.1768353171875 0.360119046875 0.1741071421875 0.3614417984375 0.1696428578125 0.366402115625 0.1671626984375 0.3726851859375 0.16741071406250002 0.3796296296875 0.169146825 0.384259259375 0.17088293593749998 0.38723545000000004 0.17633928593749998 0.3918650796875 0.1793154765625 0.4011243390625
0 0.2021329359375 0.1451719578125 0.21155753906250002 0.1511243390625 0.21875 0.153439153125 0.22842261874999997 0.15376984062500001 0.2366071421875 0.15178571406250002 0.24404761874999997 0.14748677187499998 0.252728175 0.13723544999999998 0.25694444375000003 0.128306878125 0.259920634375 0.1170634921875 0.2604166671875 0.10251322812500001 0.2574404765625 0.08630952343750001 0.25049603125000003 0.06944444375 0.24826388906250002 0.06646825468749999 0.247023809375 0.059193121875 0.2455357140625 0.057539682812500006 0.24181547656250002 0.057870370312499995 0.2390873015625 0.0548941796875 0.2383432546875 0.0505952375 0.2306547625 0.0509259265625 0.2202380953125 0.047288359375 0.2043650796875 0.0479497359375 0.20064484062500001 0.049603175 0.1922123015625 0.056878306249999996 0.1862599203125 0.065145503125 0.1822916671875 0.0744047625 0.1798115078125 0.0856481484375 0.1793154765625 0.096891534375 0.18154761875 0.1104497359375 0.1852678578125 0.12202380937499999 0.19097222187500001 0.13260582031249998 0.1966765875 0.13988095312499998 0.2021329359375 0.1451719578125
2 0.3787202375 0.11474867656250001 0.38095238125 0.115410053125 0.3851686515625 0.12003968281249999 0.3926091265625 0.121693121875 0.40228174531249994 0.1140873015625 0.4050099203125 0.1140873015625 0.4079861109375 0.12003968281249999 0.4136904765625 0.12665343906249998 0.41989087343750003 0.13062169375 0.42633928593750003 0.1322751328125 0.43427579375 0.1322751328125 0.44072420625 0.1299603171875 0.4479166671875 0.125 0.4548611109375 0.1170634921875 0.4610615078125 0.1051587296875 0.46428571406249997 0.0949074078125 0.46527777812500004 0.08101851875 0.4640376984375 0.0677910046875 0.46006944375 0.055886243749999995 0.452876984375 0.044312168750000006 0.44618055625 0.038029099999999996 0.434771825 0.0333994703125 0.42534722187499996 0.0333994703125 0.41765872968749995 0.0360449734375 0.4109623015625 0.041005290625 0.406498015625 0.046296296875 0.4007936515625 0.056547618749999994 0.3983134921875 0.0638227515625 0.3958333328125 0.08167989375 0.3831845234375 0.091269840625 0.3831845234375 0.1041666671875 0.37822420625 0.10813492031250001 0.377728175 0.11276455 0.3787202375 0.11474867656250001
2 0.45684523749999995 0.2999338625 0.4623015875 0.3015873015625 0.47569444375 0.3019179890625 0.4853670640625 0.315145503125 0.48784722187499996 0.3164682546875 0.49156746093750003 0.316137565625 0.49404761875 0.31911375625 0.4982638890625 0.3201058203125 0.5009920640625001 0.31812169375 0.5019841265625 0.315145503125 0.500744046875 0.30820105781249996 0.5019841265625 0.296626984375 0.49603174531249994 0.2860449734375 0.49578372968749995 0.2824074078125 0.4982638890625 0.2771164015625 0.5017361109375 0.2635582015625 0.5019841265625 0.2486772484375 0.5009920640625001 0.240740740625 0.49652777812500004 0.227843915625 0.4908234125 0.21891534375 0.484623015625 0.21263227499999998 0.47296627031250005 0.20701058125 0.46478174531249994 0.20667989375 0.45510912656249997 0.209656084375 0.4481646828125 0.2139550265625 0.44072420625 0.2228835984375 0.4362599203125 0.23247354531250003 0.43303571406249997 0.24570105781249998 0.4327876984375 0.25826719531250003 0.43427579375 0.26752645468749997 0.43675595312500004 0.2757936515625 0.44072420625 0.284060846875 0.450644840625 0.2956349203125 0.45684523749999995 0.2999338625
2 0.6416170640625001 0.24007936562499999 0.6542658734375 0.241402115625 0.6612103171875 0.23941798906249998 0.6681547625 0.2354497359375 0.6731150796875001 0.23115079375 0.6795634921875 0.222552909375 0.6860119046875 0.2053571421875 0.687251984375 0.184854496875 0.6855158734375 0.1755952375 0.6827876984375 0.16798941875 0.6760912703125 0.1574074078125 0.66865079375 0.1511243390625 0.6629464281249999 0.1484788359375 0.653769840625 0.146494709375 0.6520337296875 0.14318783125 0.6483134921875 0.1415343921875 0.640625 0.140542328125 0.6366567453124999 0.1448412703125 0.6339285718750001 0.1514550265625 0.6334325390625 0.15641534375 0.627728175 0.1640211640625 0.62177579375 0.1769179890625 0.618799603125 0.1894841265625 0.6185515875 0.20238095312499998 0.6200396828125 0.21164021093750002 0.6227678578125 0.2199074078125 0.6329365078125 0.23511904687500002 0.6416170640625001 0.24007936562499999
2 0.3854166671875 0.7043650796875001 0.390376984375 0.7053571421875 0.3990575390625 0.7046957671875 0.40401785781250005 0.702380953125 0.41765872968749995 0.6924603171875 0.42410714218749995 0.68154761875 0.4270833328125 0.672288359375 0.42881944375 0.6620370375 0.42906746093750003 0.6511243390625 0.42782738125 0.6421957671875 0.4236111109375 0.6292989421875 0.4169146828125 0.6200396828125 0.4117063484375 0.615410053125 0.403521825 0.6111111109375 0.3918650796875 0.610119046875 0.3893849203125 0.5988756609375 0.3854166671875 0.5945767203125001 0.3764880953125 0.5896164015625 0.3735119046875 0.5892857140625 0.3700396828125 0.591269840625 0.3670634921875 0.5982142859375 0.3665674609375 0.6117724875 0.3707837296875 0.6233465609375 0.36383928593750003 0.6355820109375 0.360119046875 0.6488095234375 0.359623015625 0.6653439156250001 0.3606150796875 0.671957671875 0.365575396875 0.6865079359374999 0.375 0.6984126984375 0.3854166671875 0.7043650796875001
2 0.575148809375 1 0.5791170640625001 0.997023809375 0.5860615078125 0.9880952375 0.59052579375 0.978505290625 0.5925099203124999 0.971560846875 0.593501984375 0.9540343921875 0.5922619046875 0.940145503125 0.5882936515625 0.928240740625 0.584325396875 0.9199735453125 0.575644840625 0.9110449734375001 0.5758928578125 0.8875661375 0.574652778125 0.884589946875 0.574652778125 0.8799603171875001 0.5704365078125 0.871362434375 0.568204365625 0.8697089953124999 0.56299603125 0.86904761875 0.5570436515625 0.8763227515625 0.5543154765625 0.884259259375 0.5513392859375 0.8991402109375001 0.5520833328125 0.9041005296875 0.5426587296875 0.908730159375 0.5334821421875 0.91898148125 0.528273809375 0.9295634921874999 0.52529761875 0.941137565625 0.5245535718750001 0.9580026453125001 0.527777778125 0.9745370375 0.53447420625 0.9887566140624999 0.5448908734375 1 0.575148809375 1
1 0.634424603125 0.7509920640625001 0.6453373015625 0.7589285718750001 0.6547619046875 0.7615740734374999 0.6609623015625 0.7615740734374999 0.6708829359374999 0.7576058203125 0.6798115078125 0.75 0.6855158734375 0.7410714281249999 0.689980159375 0.7265211640625 0.6944444437499999 0.721891534375 0.6961805562500001 0.716269840625 0.6954365078125 0.7132936515625 0.689980159375 0.7080026453125 0.68427579375 0.6914682546875001 0.6768353171875 0.6805555562500001 0.66865079375 0.6736111109375 0.6577380953125 0.6696428578125 0.6493055562500001 0.6696428578125 0.6416170640625001 0.672288359375 0.6364087296875 0.6755952375 0.6289682546875001 0.684193121875 0.625 0.6917989421875 0.6227678578125 0.6990740734374999 0.6212797625 0.7080026453125 0.6212797625 0.71858465625 0.622519840625 0.7268518515625 0.625744046875 0.737103175 0.6292162703125 0.74404761875 0.634424603125 0.7509920640625001
1 0.7482638890625 0.7169312171875 0.7462797625 0.7199074078125001 0.74677579375 0.7242063484375 0.75 0.7242063484375 0.750744046875 0.7258597890625 0.7564484125 0.7294973546875 0.762896825 0.7298280421875 0.7720734125 0.7268518515625 0.7733134921875 0.7232142859375 0.7757936515625 0.7232142859375 0.7879464281249999 0.7291666671875 0.7983630953125 0.7294973546875 0.8045634921874999 0.7278439156250001 0.8112599203125 0.7242063484375 0.81572420625 0.7202380953125 0.8211805562500001 0.7123015875 0.825644840625 0.7007275125 0.827380953125 0.690806878125 0.8268849203125 0.6785714281249999 0.8234126984374999 0.6669973546875 0.8174603171875001 0.65641534375 0.8110119046875001 0.6484788359375 0.802579365625 0.6425264546875 0.7929067453124999 0.6395502640624999 0.7827380953125 0.639880953125 0.77529761875 0.6425264546875 0.7676091265625 0.6481481484375 0.7606646828125 0.65641534375 0.7566964281249999 0.6653439156250001 0.7547123015625 0.674603175 0.7537202375 0.684854496875 0.7552083328125 0.690145503125 0.7549603171875 0.6987433859375 0.7542162703125 0.7013888890625 0.7490079359374999 0.7073412703125 0.7482638890625 0.7169312171875
1 0.7770337296875 0.44378306875 0.784722221875 0.44411375625 0.7931547625 0.4424603171875 0.8010912703124999 0.43816137499999996 0.8058035718750001 0.43386243437500005 0.8107638890625 0.42757936562500004 0.815228175 0.41865079375 0.81845238125 0.40410052968750004 0.8179563484375001 0.39021164062499997 0.8137400796875 0.3766534390625 0.8082837296875001 0.36805555624999997 0.8038194437499999 0.3634259265625 0.7981150796875001 0.35978835937500003 0.784226190625 0.35582010625 0.781994046875 0.3445767203125 0.7738095234375 0.3373015875 0.7673611109375 0.3373015875 0.7633928578125 0.3425925921875 0.7614087296875 0.35251322812499997 0.762152778125 0.365740740625 0.7542162703125 0.377645503125 0.75 0.390542328125 0.7490079359374999 0.39748677187500003 0.75 0.41335978906250004 0.7544642859375 0.42559523749999995 0.762152778125 0.4365079359375 0.764880953125 0.4388227515625 0.7770337296875 0.44378306875
1 0.52529761875 0.5558862437500001 0.531498015625 0.5615079359374999 0.5364583328125 0.5644841265625 0.5451388890625 0.5667989421875 0.5570436515625 0.565145503125 0.568700396875 0.5578703703125 0.5768849203124999 0.546626984375 0.580605159375 0.537367725 0.581597221875 0.5320767203125001 0.5863095234375 0.53075396875 0.5892857140625 0.528439153125 0.5922619046875 0.5205026453125 0.596726190625 0.5168650796875001 0.5954861109375 0.5125661375 0.5865575390625 0.502976190625 0.5823412703125 0.5013227515625001 0.5798611109375 0.502645503125 0.5763888890625 0.49437830624999995 0.5689484125 0.484457671875 0.561755953125 0.4791666671875 0.552579365625 0.47585978906250004 0.54637896875 0.4755291 0.5386904765625 0.47718253906249997 0.53174603125 0.48082010625000005 0.5267857140625 0.48511904687499996 0.521825396875 0.4917328046875 0.5176091265625 0.5 0.5138888890625 0.5165343921875001 0.5136408734375 0.525132275 0.51512896875 0.5350529093749999 0.5171130953125 0.5416666671875 0.521329365625 0.55026455 0.52529761875 0.5558862437500001
1 0.162946428125 0.7615740734374999 0.1666666671875 0.7678571421875 0.17286706406250002 0.7748015875 0.1798115078125 0.7794312171875 0.18824404687500002 0.7824074078125001 0.1984126984375 0.7827380953125 0.2041170640625 0.78141534375 0.21304563437500001 0.7771164015625 0.22123015937499999 0.7698412703125 0.2264384921875 0.762896825 0.23263888906250002 0.7513227515625001 0.23511904687500002 0.7433862437500001 0.23611111093749998 0.73148148125 0.23511904687500002 0.715939153125 0.2296626984375 0.6994047625 0.2229662703125 0.690145503125 0.21552579375 0.684854496875 0.20907738125000003 0.6822089953125 0.203373015625 0.6808862437500001 0.193204365625 0.6808862437500001 0.19097222187500001 0.677910053125 0.18849206406250002 0.6703042328125 0.18402777812499999 0.6669973546875 0.1731150796875 0.6676587296875 0.16939484062500001 0.6703042328125 0.169146825 0.672619046875 0.1666666671875 0.6765873015625 0.1664186515625 0.6875 0.1698908734375 0.6951058203125 0.1698908734375 0.6980820109375 0.1639384921875 0.7070105812499999 0.158978175 0.721230159375 0.1574900796875 0.7328042328125 0.15798611093749998 0.7457010578125 0.162946428125 0.7615740734374999