0 0.23125 0.51953125 0.14453125 0.08125
0 0.47109375 0.56875 0.109375 0.08671875
0 0.73046875 0.55625 0.10703125 0.07890625
0 0.640625 0.240625 0.10703125 0.09765625
1 0.49296875 0.19296875 0.11015625 0.090625
1 0.5390625 0.3234375 0.1171875 0.075
1 0.315625 0.85859375 0.1484375 0.09296875
2 0.5890625 0.575 0.0984375 0.08828125
2 0.46328125 0.67890625 0.11015625 0.090625
0 0.18154761875 0.49280753906249997 0.17625661406249998 0.497023809375 0.16798941875 0.5084325390625 0.166005290625 0.5138888890625 0.165343915625 0.5228174609375 0.1673280421875 0.530505953125 0.171296296875 0.53720238125 0.1772486765625 0.54365079375 0.183862434375 0.5486111109375 0.196428571875 0.5540674609375 0.2179232796875 0.556795634375 0.23247354531250003 0.5543154765625 0.24338624375 0.549603175 0.2523148140625 0.543898809375 0.2635582015625 0.53174603125 0.27777777812500004 0.5302579359374999 0.28571428593750003 0.5275297625 0.290343915625 0.5225694437499999 0.290674603125 0.5171130953125 0.2870370375 0.5136408734375 0.28075396874999997 0.5106646828125 0.2754629625 0.5091765875 0.2635582015625 0.5081845234375 0.25429894218750004 0.49677579375 0.24007936562499999 0.48834325468750006 0.2235449734375 0.484126984375 0.209986771875 0.48387896875 0.2007275125 0.48511904687499996 0.18915343906249998 0.48883928593750003 0.18154761875 0.49280753906249997
0 0.43088624375 0.5446428578125 0.42559523749999995 0.5518353171875 0.422288359375 0.559523809375 0.421957671875 0.5696924609375 0.4232804234375 0.5761408734375 0.4272486765625 0.5833333328125 0.43419312187500003 0.590277778125 0.4421296296875 0.5954861109375 0.4480820109375 0.5979662703125 0.459986771875 0.6004464281249999 0.478174603125 0.59970238125 0.49272486718749997 0.5947420640625001 0.4953703703125 0.5947420640625001 0.5019841265625 0.5979662703125 0.5052910046875 0.5982142859375 0.515211640625 0.5949900796875001 0.515873015625 0.593998015625 0.51917989375 0.594494046875 0.521164021875 0.5900297625 0.51917989375 0.5882936515625 0.51884920625 0.5825892859375 0.5178571421875 0.580853175 0.5119047625 0.5768849203124999 0.5145502640624999 0.565972221875 0.5142195765625 0.5587797625 0.5085978843750001 0.54737103125 0.497354496875 0.5379464281249999 0.48644179843749996 0.5329861109375 0.47255290937499994 0.5300099203124999 0.462632275 0.5300099203124999 0.4513888890625 0.5322420640625001 0.44113756562499995 0.5367063484375 0.43088624375 0.5446428578125
0 0.7245370375 0.5257936515625 0.7106481484375 0.528769840625 0.703373015625 0.531994046875 0.6954365078125 0.5376984125 0.6878306875 0.5483630953125 0.6855158734375 0.5580357140625 0.6858465609375 0.5689484125 0.6875 0.5726686515625 0.6951058203125 0.5803571421875 0.7013888890625 0.5848214281249999 0.722222221875 0.5925099203124999 0.73148148125 0.593501984375 0.7423941796875 0.59325396875 0.75562169375 0.590277778125 0.7619047625 0.587549603125 0.7698412703125 0.5823412703125 0.7774470906250001 0.57217261875 0.7800925921874999 0.55927579375 0.7794312171875 0.5535714281249999 0.7767857140625 0.546875 0.7708333328125 0.5389384921875 0.765542328125 0.5352182546875001 0.765211640625 0.53075396875 0.7602513234375 0.5243055562500001 0.753637565625 0.52157738125 0.7453703703125 0.5228174609375 0.7394179890625 0.5257936515625 0.7245370375 0.5257936515625
0 0.609126984375 0.2108134921875 0.6018518515625 0.22197420625 0.5995370375 0.2301587296875 0.6005290999999999 0.24131944375 0.6025132281250001 0.247023809375 0.6084656078124999 0.2547123015625 0.6084656078124999 0.2564484125 0.6008597890625 0.2668650796875 0.5985449734375 0.271825396875 0.5985449734375 0.275049603125 0.6001984125 0.28075396874999997 0.60582010625 0.283730159375 0.6170634921875 0.281498015625 0.6332671953125 0.26909722187499996 0.6335978843750001 0.265376984375 0.639880953125 0.266369046875 0.6478174609375 0.26612103125000003 0.6574074078125001 0.2638888890625 0.6669973546875 0.259920634375 0.6792328046875 0.25049603125000003 0.6858465609375 0.2398313484375 0.6878306875 0.23239087343749998 0.6875 0.22470238125000003 0.684523809375 0.21626984062500001 0.6805555562500001 0.2108134921875 0.6732804234375 0.2041170640625 0.6640211640625 0.19965277812499999 0.6511243390625 0.196924603125 0.6428571421875 0.1966765875 0.63095238125 0.19866071406250002 0.61904761875 0.203373015625 0.609126984375 0.2108134921875
1 0.46825396875 0.1654265875 0.46164021093749996 0.1733630953125 0.4580026453125 0.1822916671875 0.45734127031250005 0.1917162703125 0.46164021093749996 0.20585317500000003 0.45105820156250004 0.21180555625 0.447089946875 0.21626984062500001 0.44378306875 0.2301587296875 0.44874338593749996 0.23387896874999997 0.4613095234375 0.234375 0.47453703750000004 0.22594246093749998 0.4791666671875 0.2242063484375 0.48181216875 0.22048611093749998 0.497354496875 0.221726190625 0.5102513234375 0.22147817500000003 0.5175264546875 0.2202380953125 0.525132275 0.21701388906250002 0.5304232796874999 0.21279761874999997 0.5390211640625 0.2021329359375 0.5419973546875 0.193700396875 0.5419973546875 0.184523809375 0.5386904765625 0.174603175 0.5327380953125 0.1666666671875 0.5254629625 0.1609623015625 0.514880953125 0.15625 0.5066137562499999 0.15451388906250002 0.49570105781249996 0.1542658734375 0.484788359375 0.15625 0.4768518515625 0.15947420625 0.46825396875 0.1654265875
1 0.509920634375 0.29737103125000003 0.502645503125 0.3033234125 0.4983465609375 0.3087797625 0.4947089953125 0.31696428593750003 0.4947089953125 0.331101190625 0.497023809375 0.33705357187499996 0.5023148140625 0.3449900796875 0.515542328125 0.35342261875 0.5221560843749999 0.3556547625 0.53141534375 0.3571428578125 0.546626984375 0.356646825 0.558862434375 0.353174603125 0.5691137562499999 0.346478175 0.5750661375 0.34027777812500004 0.58068783125 0.3303571421875 0.5879629625 0.32713293593750004 0.590939153125 0.3244047625 0.59424603125 0.3196924609375 0.5952380953125 0.315228175 0.5896164015625 0.309771825 0.58167989375 0.3077876984375 0.5763888890625 0.3075396828125 0.5691137562499999 0.299851190625 0.558862434375 0.293898809375 0.5486111109375 0.290674603125 0.5333994703125 0.28993055624999997 0.5257936515625 0.29092261875 0.5165343921875001 0.293898809375 0.509920634375 0.29737103125000003
1 0.27248677187500003 0.8330853171875001 0.2625661375 0.8447420640625 0.259259259375 0.8516865078125001 0.2572751328125 0.8603670640625 0.25826719531250003 0.8735119046875001 0.26223545000000004 0.88095238125 0.2678571421875 0.887152778125 0.2741402109375 0.8916170640625 0.2824074078125 0.8955853171875001 0.2989417984375 0.8988095234375001 0.31349206406249996 0.8980654765624999 0.321759259375 0.8958333328125001 0.32903439218749997 0.8923611109375 0.34424603125000003 0.8802083328125001 0.35251322812499997 0.865575396875 0.365740740625 0.8630952375 0.3733465609375 0.85987103125 0.3769841265625 0.856646825 0.37929894218750004 0.8524305562500001 0.3769841265625 0.8457341265625 0.36673280468749997 0.8392857140625001 0.3495370375 0.8385416671874999 0.3429232796875 0.8320932546875 0.3330026453125 0.825396825 0.3174603171875 0.8206845234375001 0.3078703703125 0.8201884921874999 0.290674603125 0.8231646828124999 0.278769840625 0.82862103125 0.27248677187500003 0.8330853171875001
2 0.46957672031250003 0.650049603125 0.4520502640625 0.6520337296875 0.4388227515625 0.65674603125 0.4298941796875 0.6629464281249999 0.42261904687499996 0.67237103125 0.41765872968749995 0.6862599203124999 0.4206349203125 0.6994047625 0.42625661406250004 0.7073412703125 0.43419312187500003 0.7140376984375 0.44907407343749994 0.7207341265625 0.45734127031250005 0.722222221875 0.46891534375 0.7224702375 0.48148148125 0.7202380953125 0.5009920640625001 0.7100694437499999 0.5066137562499999 0.700644840625 0.509920634375 0.6912202375 0.5102513234375 0.6825396828125 0.5069444437499999 0.67237103125 0.4990079359375 0.66220238125 0.5023148140625 0.652777778125 0.5023148140625 0.6450892859375 0.49768518593750005 0.6388888890625 0.49371693125 0.637152778125 0.490410053125 0.637152778125 0.4831349203125 0.6388888890625 0.4765211640625 0.643353175 0.46957672031250003 0.650049603125
2 0.5849867718749999 0.546130953125 0.5714285718750001 0.549355159375 0.559854496875 0.5550595234375 0.5515873015625 0.562748015625 0.546296296875 0.5729166671875 0.5453042328125 0.5758928578125 0.5459656078124999 0.5887896828125 0.552910053125 0.6004464281249999 0.5641534390625 0.6083829359374999 0.577380953125 0.612847221875 0.590939153125 0.6145833328125 0.6054894187500001 0.6130952375 0.6167328046875 0.6081349203124999 0.6240079359374999 0.60342261875 0.6322751328125 0.5927579359374999 0.634259259375 0.5850694437499999 0.634259259375 0.577380953125 0.6322751328125 0.5706845234375 0.628637565625 0.5642361109375 0.615740740625 0.5538194437499999 0.6170634921875 0.5458829359374999 0.612103175 0.5376984125 0.609126984375 0.5359623015625 0.603835978125 0.5354662703125 0.597222221875 0.5367063484375 0.59325396875 0.5386904765625 0.5849867718749999 0.546130953125