0 0.48046875 0.23125 0.08125 0.14375
0 0.43125 0.47109375 0.0875 0.109375
0 0.44375 0.73046875 0.078125 0.10625
0 0.759375 0.640625 0.096875 0.10625
1 0.80703125 0.49296875 0.090625 0.109375
1 0.6765625 0.5390625 0.075 0.1171875
1 0.14140625 0.315625 0.09375 0.1484375
2 0.425 0.5890625 0.0875 0.0984375
2 0.32109375 0.46328125 0.090625 0.109375
0 0.4513888890625 0.183862434375 0.44593253906249997 0.196428571875 0.44320436562500004 0.2179232796875 0.4456845234375 0.23247354531250003 0.450396825 0.24338624375 0.456101190625 0.2523148140625 0.46825396875 0.2635582015625 0.4697420640625 0.27777777812500004 0.47247023749999995 0.28571428593750003 0.47743055625 0.290343915625 0.4828869046875 0.290674603125 0.48635912656249997 0.2870370375 0.4893353171875 0.28075396874999997 0.4908234125 0.2754629625 0.4918154765625 0.2635582015625 0.50322420625 0.25429894218750004 0.5116567453124999 0.24007936562499999 0.515873015625 0.2235449734375 0.51612103125 0.209986771875 0.514880953125 0.2007275125 0.5111607140625 0.18915343906249998 0.5071924609375 0.18154761875 0.502976190625 0.17625661406249998 0.49156746093750003 0.16798941875 0.4861111109375 0.166005290625 0.47718253906249997 0.165343915625 0.46949404687499996 0.1673280421875 0.46279761875 0.171296296875 0.45634920625 0.1772486765625 0.4513888890625 0.183862434375
0 0.40203372968749995 0.4480820109375 0.39955357187499996 0.459986771875 0.40029761875 0.478174603125 0.4052579359375 0.49272486718749997 0.4052579359375 0.4953703703125 0.40203372968749995 0.5019841265625 0.40178571406249997 0.5052910046875 0.4050099203125 0.515211640625 0.406001984375 0.515873015625 0.40550595312500004 0.51917989375 0.40997023749999995 0.521164021875 0.4117063484375 0.51917989375 0.41741071406249997 0.51884920625 0.419146825 0.5178571421875 0.4231150796875 0.5119047625 0.43402777812500004 0.5145502640624999 0.44122023749999995 0.5142195765625 0.45262896875 0.5085978843750001 0.462053571875 0.497354496875 0.4670138890625 0.48644179843749996 0.4699900796875 0.47255290937499994 0.4699900796875 0.462632275 0.4677579359375 0.4513888890625 0.4632936515625 0.44113756562499995 0.45535714218749995 0.43088624375 0.4481646828125 0.42559523749999995 0.440476190625 0.422288359375 0.43030753906249997 0.421957671875 0.42385912656249997 0.4232804234375 0.4166666671875 0.4272486765625 0.40972222187499996 0.43419312187500003 0.4045138890625 0.4421296296875 0.40203372968749995 0.4480820109375
0 0.41964285781250005 0.6951058203125 0.415178571875 0.7013888890625 0.4074900796875 0.722222221875 0.406498015625 0.73148148125 0.40674603125 0.7423941796875 0.40972222187499996 0.75562169375 0.412450396875 0.7619047625 0.41765872968749995 0.7698412703125 0.42782738125 0.7774470906250001 0.44072420625 0.7800925921874999 0.446428571875 0.7794312171875 0.453125 0.7767857140625 0.4610615078125 0.7708333328125 0.46478174531249994 0.765542328125 0.46924603125 0.765211640625 0.47569444375 0.7602513234375 0.47842261875 0.753637565625 0.47718253906249997 0.7453703703125 0.4742063484375 0.7394179890625 0.4742063484375 0.7245370375 0.471230159375 0.7106481484375 0.46800595312500004 0.703373015625 0.4623015875 0.6954365078125 0.4516369046875 0.6878306875 0.44196428593750003 0.6855158734375 0.4310515875 0.6858465609375 0.4273313484375 0.6875 0.41964285781250005 0.6951058203125
0 0.728174603125 0.5985449734375 0.724950396875 0.5985449734375 0.71924603125 0.6001984125 0.716269840625 0.60582010625 0.718501984375 0.6170634921875 0.730902778125 0.6332671953125 0.734623015625 0.6335978843750001 0.733630953125 0.639880953125 0.73387896875 0.6478174609375 0.7361111109375 0.6574074078125001 0.740079365625 0.6669973546875 0.74950396875 0.6792328046875 0.7601686515625 0.6858465609375 0.7676091265625 0.6878306875 0.77529761875 0.6875 0.783730159375 0.684523809375 0.7891865078125 0.6805555562500001 0.7958829359374999 0.6732804234375 0.800347221875 0.6640211640625 0.803075396875 0.6511243390625 0.8033234125 0.6428571421875 0.8013392859374999 0.63095238125 0.796626984375 0.61904761875 0.7891865078125 0.609126984375 0.77802579375 0.6018518515625 0.7698412703125 0.5995370375 0.7586805562500001 0.6005290999999999 0.752976190625 0.6025132281250001 0.7452876984375 0.6084656078124999 0.7435515875 0.6084656078124999 0.7331349203124999 0.6008597890625 0.728174603125 0.5985449734375
1 0.76612103125 0.44874338593749996 0.765625 0.4613095234375 0.7740575390625 0.47453703750000004 0.7757936515625 0.4791666671875 0.7795138890625 0.48181216875 0.778273809375 0.497354496875 0.778521825 0.5102513234375 0.7797619046875 0.5175264546875 0.7829861109375 0.525132275 0.78720238125 0.5304232796874999 0.7978670640625001 0.5390211640625 0.806299603125 0.5419973546875 0.815476190625 0.5419973546875 0.825396825 0.5386904765625 0.8333333328125001 0.5327380953125 0.8390376984374999 0.5254629625 0.84375 0.514880953125 0.8454861109375 0.5066137562499999 0.8457341265625 0.49570105781249996 0.84375 0.484788359375 0.84052579375 0.4768518515625 0.8345734125 0.46825396875 0.8266369046875001 0.46164021093749996 0.8177083328125001 0.4580026453125 0.8082837296875001 0.45734127031250005 0.794146825 0.46164021093749996 0.7881944437499999 0.45105820156250004 0.783730159375 0.447089946875 0.7698412703125 0.44378306875 0.76612103125 0.44874338593749996
1 0.6443452375 0.5221560843749999 0.6428571421875 0.53141534375 0.643353175 0.546626984375 0.646825396875 0.558862434375 0.653521825 0.5691137562499999 0.659722221875 0.5750661375 0.6696428578125 0.58068783125 0.6728670640625001 0.5879629625 0.6755952375 0.590939153125 0.6803075390625 0.59424603125 0.684771825 0.5952380953125 0.690228175 0.5896164015625 0.6922123015625 0.58167989375 0.6924603171875 0.5763888890625 0.700148809375 0.5691137562499999 0.706101190625 0.558862434375 0.709325396875 0.5486111109375 0.7100694437499999 0.5333994703125 0.70907738125 0.5257936515625 0.706101190625 0.5165343921875001 0.70262896875 0.509920634375 0.6966765875 0.502645503125 0.6912202375 0.4983465609375 0.6830357140625 0.4947089953125 0.668898809375 0.4947089953125 0.6629464281249999 0.497023809375 0.6550099203124999 0.5023148140625 0.64657738125 0.515542328125 0.6443452375 0.5221560843749999
1 0.10441468281249999 0.2824074078125 0.10119047656249999 0.2989417984375 0.10193452343750001 0.31349206406249996 0.1041666671875 0.321759259375 0.1076388890625 0.32903439218749997 0.1197916671875 0.34424603125000003 0.134424603125 0.35251322812499997 0.1369047625 0.365740740625 0.14012896875 0.3733465609375 0.143353175 0.3769841265625 0.14756944375 0.37929894218750004 0.1542658734375 0.3769841265625 0.16071428593749998 0.36673280468749997 0.1614583328125 0.3495370375 0.1679067453125 0.3429232796875 0.174603175 0.3330026453125 0.1793154765625 0.3174603171875 0.1798115078125 0.3078703703125 0.1768353171875 0.290674603125 0.17137896875 0.278769840625 0.1669146828125 0.27248677187500003 0.15525793593749998 0.2625661375 0.1483134921875 0.259259259375 0.13963293593749998 0.2572751328125 0.1264880953125 0.25826719531250003 0.11904761875 0.26223545000000004 0.112847221875 0.2678571421875 0.1083829359375 0.2741402109375 0.10441468281249999 0.2824074078125
2 0.2859623015625 0.43419312187500003 0.2792658734375 0.44907407343749994 0.27777777812500004 0.45734127031250005 0.2775297625 0.46891534375 0.2797619046875 0.48148148125 0.28993055624999997 0.5009920640625001 0.299355159375 0.5066137562499999 0.3087797625 0.509920634375 0.3174603171875 0.5102513234375 0.32762896874999997 0.5069444437499999 0.33779761875 0.4990079359375 0.34722222187499996 0.5023148140625 0.35491071406249997 0.5023148140625 0.3611111109375 0.49768518593750005 0.36284722187499996 0.49371693125 0.36284722187499996 0.490410053125 0.3611111109375 0.4831349203125 0.356646825 0.4765211640625 0.349950396875 0.46957672031250003 0.3479662703125 0.4520502640625 0.34325396874999997 0.4388227515625 0.33705357187499996 0.4298941796875 0.32762896874999997 0.42261904687499996 0.3137400796875 0.41765872968749995 0.3005952375 0.4206349203125 0.2926587296875 0.42625661406250004 0.2859623015625 0.43419312187500003
2 0.39161706406249996 0.5641534390625 0.38715277812500004 0.577380953125 0.3854166671875 0.590939153125 0.3869047625 0.6054894187500001 0.3918650796875 0.6167328046875 0.39657738125 0.6240079359374999 0.4072420640625 0.6322751328125 0.41493055625 0.634259259375 0.42261904687499996 0.634259259375 0.4293154765625 0.6322751328125 0.4357638890625 0.628637565625 0.44618055625 0.615740740625 0.4541170640625 0.6170634921875 0.4623015875 0.612103175 0.4640376984375 0.609126984375 0.46453372968749995 0.603835978125 0.4632936515625 0.597222221875 0.4613095234375 0.59325396875 0.45386904687499996 0.5849867718749999 0.450644840625 0.5714285718750001 0.4449404765625 0.559854496875 0.437251984375 0.5515873015625 0.4270833328125 0.546296296875 0.42410714218749995 0.5453042328125 0.4112103171875 0.5459656078124999 0.39955357187499996 0.552910053125 0.39161706406249996 0.5641534390625