0 0.7125 0.53359375 0.096875 0.065625
1 0.4765625 0.5734375 0.10625 0.0625
2 0.47109375 0.44453125 0.1 0.065625
0 0.81328125 0.4421875 0.115625 0.0703125
1 0.61484375 0.303125 0.0859375 0.0875
2 0.4140625 0.2546875 0.090625 0.0671875
2 0.29921875 0.38671875 0.1140625 0.071875
2 0.1703125 0.35 0.11875 0.0703125
0 0.32734375 0.5109375 0.0921875 0.078125
1 0.6359375 0.72109375 0.0921875 0.071875
0 0.86484375 0.68671875 0.096875 0.0703125
1 0.30234375 0.69453125 0.08125 0.065625
2 0.37578125 0.65625 0.08125 0.078125
1 0.64140625 0.871875 0.090625 0.096875
0 0.36484375 0.8875 0.1015625 0.084375
1 0.652777778125 0.29092261875 0.6517857140625 0.286954365625 0.6448412703125 0.2757936515625 0.6352513234375 0.26909722187499996 0.6259920640625001 0.26612103125000003 0.6104497359375001 0.265376984375 0.5975529093749999 0.26884920625 0.5873015875 0.275049603125 0.58068783125 0.284226190625 0.5790343921875001 0.2926587296875 0.5800264546875 0.3033234125 0.5833333328125 0.309771825 0.5896164015625 0.31572420625 0.5879629625 0.32142857187499996 0.5853174609375 0.32490079375 0.5846560843749999 0.3333333328125 0.5859788359375 0.33705357187499996 0.5882936515625 0.33928571406249997 0.59391534375 0.3417658734375 0.5982142859375 0.3417658734375 0.6041666671875 0.3400297625 0.6074735453125 0.337549603125 0.609457671875 0.3335813484375 0.6124338625 0.33159722187499996 0.6134259265625001 0.325644840625 0.6124338625 0.32217261875 0.6263227515625001 0.3201884921875 0.6352513234375 0.31597222187499996 0.6455026453125 0.3085317453125 0.6517857140625 0.2983630953125 0.652777778125 0.29092261875
2 0.396164021875 0.2289186515625 0.38194444375000003 0.23710317500000003 0.377645503125 0.24404761874999997 0.37929894218750004 0.246527778125 0.37929894218750004 0.25669642812500004 0.38161375625 0.2636408734375 0.3852513234375 0.2695932546875 0.39351851875 0.27678571406249997 0.4047619046875 0.281498015625 0.41898148125 0.2824900796875 0.4322089953125 0.278521825 0.44113756562499995 0.2730654765625 0.44411375625 0.27008928593750003 0.45105820156250004 0.2591765875 0.4517195765625 0.24801587343749998 0.44477513281250003 0.237351190625 0.4361772484375 0.2304067453125 0.42526454999999996 0.22619047656250002 0.41071428593750003 0.2251984125 0.403108465625 0.2264384921875 0.396164021875 0.2289186515625
2 0.3201058203125 0.3700396828125 0.3121693125 0.3640873015625 0.30621693125 0.3611111109375 0.2986111109375 0.35887896874999997 0.2890211640625 0.3576388890625 0.28108465625 0.3581349203125 0.2734788359375 0.35987103125000003 0.26653439218749997 0.36284722187499996 0.259589946875 0.3675595234375 0.25429894218750004 0.374255953125 0.2513227515625 0.3821924609375 0.2516534390625 0.390625 0.2552910046875 0.3985615078125 0.26455026406250004 0.4072420640625 0.27149470937500003 0.41071428593750003 0.284391534375 0.4139384921875 0.29298941875 0.4139384921875 0.30125661406250004 0.41220238125 0.313161375 0.406498015625 0.321097884375 0.39930555624999997 0.3263888890625 0.3886408734375 0.339947090625 0.38368055624999997 0.3449074078125 0.380704365625 0.34722222187499996 0.375 0.34391534375 0.3712797625 0.3382936515625 0.36904761875 0.33101851875 0.36805555624999997 0.3201058203125 0.3700396828125
2 0.2228835984375 0.34325396874999997 0.2202380953125 0.3417658734375 0.21263227499999998 0.3420138890625 0.209325396875 0.34027777812500004 0.19510582031249998 0.341021825 0.18816137500000002 0.33258928593750003 0.183862434375 0.3293650796875 0.1742724875 0.32465277812500004 0.166005290625 0.3226686515625 0.1488095234375 0.32217261875 0.141203703125 0.32366071406249997 0.13194444375 0.32762896874999997 0.124338625 0.334325396875 0.1203703703125 0.3415178578125 0.11970899531250001 0.3519345234375 0.1230158734375 0.3608630953125 0.1289682546875 0.3678075390625 0.13888888906250002 0.37400793593750004 0.15277777812499999 0.377976190625 0.1620370375 0.37822420625 0.17261904687500002 0.37599206406249996 0.18121693125 0.372023809375 0.1888227515625 0.3658234125 0.1957671953125 0.356398809375 0.2000661375 0.3606150796875 0.2142857140625 0.3576388890625 0.2172619046875 0.3529265875 0.222552909375 0.3516865078125 0.22453703749999998 0.3501984125 0.2251984125 0.3474702375 0.2228835984375 0.34325396874999997
0 0.8164682546875 0.412946428125 0.802910053125 0.4171626984375 0.7946428578125 0.42261904687499996 0.7896825390625 0.42757936562500004 0.7748015875 0.428075396875 0.771494709375 0.42881944375 0.7698412703125 0.430803571875 0.7619047625 0.4310515875 0.759920634375 0.4320436515625 0.759920634375 0.43427579375 0.765211640625 0.4357638890625 0.7645502640624999 0.43675595312500004 0.7668650796875001 0.43700396875 0.76917989375 0.43973214218749995 0.7820767203125001 0.4422123015625 0.790674603125 0.45684523749999995 0.80026455 0.46428571406249997 0.815476190625 0.468998015625 0.8290343921875 0.46949404687499996 0.8425925921875 0.46651785781250005 0.849867725 0.46304563437499996 0.8584656078125 0.455605159375 0.8634259265625 0.4476686515625 0.8647486765625001 0.4389880953125 0.8624338625 0.4295634921875 0.8574735453125 0.4231150796875 0.8485449734375001 0.4169146828125 0.833994709375 0.4126984125 0.821759259375 0.41220238125 0.8164682546875 0.412946428125
2 0.5042989421875 0.42237103125 0.497354496875 0.422123015625 0.48875661406250004 0.42385912656249997 0.48082010625000005 0.419146825 0.4699074078125 0.4164186515625 0.4609788359375 0.41617063437499996 0.446759259375 0.41989087343750003 0.43419312187500003 0.4293154765625 0.43088624375 0.43402777812500004 0.428240740625 0.4424603171875 0.428571428125 0.450396825 0.43154761875 0.45709325468750006 0.4378306875 0.4640376984375 0.44609788437500003 0.46949404687499996 0.45734127031250005 0.47247023749999995 0.465608465625 0.47296627031250005 0.4751984125 0.471726190625 0.48181216875 0.46924603125 0.49007936562500004 0.46428571406249997 0.4953703703125 0.45907738125 0.4996693125 0.4513888890625 0.500661375 0.44097222187499996 0.5085978843750001 0.43675595312500004 0.51223545 0.43055555625 0.5115740734374999 0.42633928593750003 0.5076058203125 0.4236111109375 0.5042989421875 0.42237103125
0 0.346230159375 0.4791666671875 0.3419312171875 0.4796626984375 0.337632275 0.481646825 0.3267195765625 0.4826388890625 0.30423280468749997 0.4895833328125 0.2926587296875 0.49677579375 0.2886904765625 0.5009920640625001 0.2853835984375 0.5069444437499999 0.284060846875 0.5119047625 0.284391534375 0.5193452375 0.2886904765625 0.528769840625 0.2926587296875 0.5332341265625 0.2982804234375 0.53720238125 0.3144841265625 0.5429067453124999 0.32705026406250004 0.54365079375 0.340608465625 0.540674603125 0.3518518515625 0.53447420625 0.35846560781250003 0.528521825 0.362103175 0.5233134921875 0.3624338625 0.5109126984375 0.359126984375 0.500744046875 0.3571428578125 0.4987599203125 0.3571428578125 0.4947916671875 0.3551587296875 0.49305555625 0.35747354531250003 0.486855159375 0.35251322812499997 0.481894840625 0.35251322812499997 0.48040674531249994 0.3544973546875 0.4791666671875 0.35350529062499997 0.4779265875 0.34722222187499996 0.4779265875 0.346230159375 0.4791666671875
0 0.6749338625 0.51884920625 0.671296296875 0.5240575390625 0.66898148125 0.5302579359374999 0.6703042328125 0.540674603125 0.6769179890625 0.550347221875 0.6884920640625001 0.5580357140625 0.7020502640624999 0.56200396875 0.7172619046875 0.561755953125 0.728505290625 0.5587797625 0.7387566140625 0.55282738125 0.747023809375 0.544146825 0.7513227515625001 0.54365079375 0.75628306875 0.5391865078125 0.7566137562499999 0.5352182546875001 0.7552910046875 0.5329861109375 0.7513227515625001 0.5290178578125 0.746693121875 0.5270337296875 0.7433862437500001 0.5205853171875 0.7374338625 0.5146329359374999 0.7261904765625 0.5084325390625 0.7116402109375 0.5052083328125 0.6977513234375 0.506200396875 0.6921296296875 0.5074404765625 0.6851851859375 0.5106646828125 0.6749338625 0.51884920625
0 0.8244047625 0.697420634375 0.8330026453125001 0.706101190625 0.8478835984374999 0.713045634375 0.8578042328125 0.7150297625 0.8789682546875 0.716269840625 0.8826058203124999 0.7145337296875 0.884589946875 0.7118055562500001 0.8951719578124999 0.7043650796875001 0.9007936515624999 0.6954365078125 0.9014550265624999 0.6837797625 0.8971560843749999 0.6741071421875 0.887896825 0.6651785718750001 0.88095238125 0.6612103171875 0.8726851859375 0.6582341265625 0.8644179890625001 0.65674603125 0.8554894187500001 0.65674603125 0.8416005296875 0.658978175 0.828703703125 0.665674603125 0.822089946875 0.6741071421875 0.8201058203124999 0.6857638890625 0.8244047625 0.697420634375
1 0.5995370375 0.721478175 0.6028439156250001 0.7323908734375 0.596560846875 0.7395833328125 0.5982142859375 0.7482638890625 0.6028439156250001 0.7512400796875001 0.612103175 0.7522321421875 0.621693121875 0.7509920640625001 0.6266534390625 0.7482638890625 0.64417989375 0.7490079359374999 0.6524470906250001 0.747519840625 0.6600529093749999 0.74404761875 0.6669973546875 0.7385912703125 0.672288359375 0.73115079375 0.6742724875 0.7256944437499999 0.674603175 0.7172619046875 0.672288359375 0.7095734125 0.6676587296875 0.703125 0.6607142859375 0.697420634375 0.6521164015625 0.69345238125 0.6428571421875 0.6914682546875001 0.63062169375 0.6912202375 0.6240079359374999 0.6924603171875 0.6107804234375 0.6981646828125 0.6025132281250001 0.7068452375 0.599867725 0.7142857140625 0.5995370375 0.721478175
2 0.347552909375 0.64384920625 0.3419312171875 0.6495535718750001 0.3382936515625 0.65575396875 0.3366402109375 0.6626984125 0.33697089999999996 0.6696428578125 0.3425925921875 0.6798115078125 0.3488756609375 0.685019840625 0.35648148125 0.6889880953125 0.36607142812500004 0.6912202375 0.3733465609375 0.6912202375 0.391203703125 0.687251984375 0.39947089999999996 0.6830357140625 0.4074074078125 0.674355159375 0.40972222187499996 0.6674107140625 0.409060846875 0.6550099203124999 0.403439153125 0.6455853171875 0.39451058125 0.6393849203124999 0.384589946875 0.6356646828125 0.38326719531250003 0.6262400796875001 0.38062169375 0.62177579375 0.374338625 0.6180555562500001 0.36838624375 0.6183035718750001 0.3614417984375 0.6237599203124999 0.359457671875 0.6292162703125 0.358796296875 0.637648809375 0.347552909375 0.64384920625
1 0.2698412703125 0.681795634375 0.26653439218749997 0.6924603171875 0.2668650796875 0.702380953125 0.2698412703125 0.708829365625 0.2738095234375 0.7137896828125 0.2827380953125 0.7197420640625001 0.29298941875 0.7229662703125 0.30026454999999996 0.7237103171875 0.3085317453125 0.7237103171875 0.3174603171875 0.721478175 0.3260582015625 0.7175099203124999 0.33267195781250003 0.712549603125 0.337632275 0.70634920625 0.340939153125 0.6979166671875 0.341269840625 0.6927083328125 0.3386243390625 0.6827876984375 0.33267195781250003 0.6755952375 0.3257275125 0.6708829359374999 0.311838625 0.6671626984375 0.2916666671875 0.6676587296875 0.284391534375 0.6631944437499999 0.2771164015625 0.6612103171875 0.2705026453125 0.6614583328125 0.265542328125 0.6649305562500001 0.264880953125 0.674355159375 0.2698412703125 0.681795634375
1 0.42890211562499997 0.5637400796875001 0.42757936562500004 0.575148809375 0.43022486718749997 0.583829365625 0.4384920640625 0.5927579359374999 0.4500661375 0.5982142859375 0.4583333328125 0.599950396875 0.465608465625 0.6001984125 0.4755291 0.5987103171875 0.48511904687499996 0.5949900796875001 0.4947089953125 0.587549603125 0.5003306875 0.57762896875 0.5109126984375 0.5761408734375 0.5171957671875 0.5736607140625 0.51917989375 0.5716765875 0.5208333328125 0.5694444437499999 0.5205026453125 0.5669642859375 0.5105820109375 0.5605158734375 0.49801587343750003 0.5582837296875 0.4897486765625 0.5518353171875 0.48015872968749995 0.547123015625 0.4702380953125 0.5448908734375 0.46031746093750003 0.5448908734375 0.453042328125 0.5458829359374999 0.44444444375 0.5486111109375 0.434523809375 0.5553075390625 0.42890211562499997 0.5637400796875001