0 0.33125 0.4984375 0.084375 0.134375
0 0.665625 0.61796875 0.09375 0.125
0 0.41796875 0.2546875 0.0921875 0.1
0 0.5375 0.103125 0.0828125 0.13125
0 0.74140625 0.265625 0.09375 0.109375
1 0.74375 0.51015625 0.078125 0.115625
1 0.43828125 0.74765625 0.103125 0.128125
1 0.61171875 0.4765625 0.084375 0.13125
1 0.70625 0.05234375 0.096875 0.1046875
2 0.3703125 0.35703125 0.0859375 0.125
2 0.315625 0.2 0.0875 0.134375
2 0.125 0.38125 0.0890625 0.14375
1 0.40550595312500004 0.7447089953125 0.40625 0.7569444437499999 0.41046627031250005 0.76917989375 0.40625 0.7695105812499999 0.3998015875 0.7757936515625 0.39930555624999997 0.7804232796874999 0.39756944375000003 0.784391534375 0.39756944375000003 0.7886904765625 0.3985615078125 0.790674603125 0.40947420625 0.797288359375 0.41468253906249997 0.7979497359375001 0.42261904687499996 0.7953042328125 0.4268353171875 0.7919973546875 0.4384920640625 0.79431216875 0.44469246093750003 0.79431216875 0.4518849203125 0.7923280421875 0.4608134921875 0.7857142859375 0.468501984375 0.7774470906250001 0.47594246093750003 0.7615740734374999 0.4779265875 0.7516534390625 0.478174603125 0.7367724875 0.47569444375 0.7255290999999999 0.4699900796875 0.7146164015625 0.462549603125 0.7046957671875 0.45634920625 0.69973545 0.4466765875 0.6960978843750001 0.43973214218749995 0.6960978843750001 0.4320436515625 0.6984126984375 0.4203869046875 0.7073412703125 0.41046627031250005 0.7238756609375 0.4072420640625 0.733796296875 0.40550595312500004 0.7447089953125
1 0.578869046875 0.47453703750000004 0.581101190625 0.484457671875 0.5855654765625 0.49272486718749997 0.59375 0.500661375 0.5917658734375 0.5198412703125 0.593501984375 0.5224867718749999 0.5947420640625001 0.53141534375 0.5957341265625 0.5333994703125 0.6006944437499999 0.5360449734375 0.6046626984375 0.5360449734375 0.6113591265625 0.53174603125 0.611855159375 0.5267857140625 0.6138392859375 0.5221560843749999 0.6148313484375 0.5105820109375 0.627480159375 0.503306878125 0.6334325390625 0.49801587343750003 0.643105159375 0.484126984375 0.64657738125 0.47288359843750005 0.6460813484375 0.452711640625 0.643353175 0.4424603171875 0.6329365078125 0.428571428125 0.627480159375 0.424603175 0.6180555562500001 0.4206349203125 0.6016865078125 0.421626984375 0.5949900796875001 0.42526454999999996 0.591021825 0.42890211562499997 0.583829365625 0.43981481406249995 0.580605159375 0.4507275125 0.57862103125 0.4619709 0.578869046875 0.47453703750000004
1 0.7110615078125 0.4669312171875 0.7145337296875 0.48776454999999996 0.71552579375 0.4894179890625 0.7123015875 0.516203703125 0.712549603125 0.5294312171875 0.7147817453124999 0.5386904765625 0.718998015625 0.5456349203124999 0.730902778125 0.5542328046875 0.7363591265625 0.55654761875 0.746527778125 0.5578703703125 0.7544642859375 0.55687830625 0.7614087296875 0.552910053125 0.768601190625 0.5446428578125 0.7738095234375 0.534060846875 0.7757936515625 0.5248015875 0.7757936515625 0.5105820109375 0.7735615078125 0.49933862500000004 0.7710813484375 0.49305555625 0.7646329359374999 0.484457671875 0.7589285718750001 0.4791666671875 0.75322420625 0.4761904765625 0.7321428578125 0.4738756609375 0.7304067453124999 0.471230159375 0.7294146828125 0.4639550265625 0.716269840625 0.4580026453125 0.7123015875 0.459656084375 0.7110615078125 0.4669312171875
1 0.6698908734375 0 0.6679067453124999 0.009259259374999999 0.668402778125 0.0228174609375 0.67137896875 0.037037037499999995 0.6758432546875001 0.046296296875 0.6822916671875 0.05456349218749999 0.687251984375 0.0582010578125 0.6865079359374999 0.0625 0.6887400796875001 0.077711640625 0.6956845234375 0.091269840625 0.7046130953125 0.0889550265625 0.7100694437499999 0.0856481484375 0.713045634375 0.0823412703125 0.7140376984375 0.0803571421875 0.7142857140625 0.075396825 0.7140376984375 0.05853174531250001 0.7266865078125 0.049933862499999995 0.7328869046875 0.043320106250000004 0.7388392859375 0.0330687828125 0.7410714281249999 0.0208333328125 0.7410714281249999 0 0.6698908734375 0
0 0.5086805562500001 0.0916005296875 0.5101686515625 0.128306878125 0.5091765875 0.146164021875 0.5146329359374999 0.160052909375 0.519097221875 0.16335978906249998 0.52529761875 0.1603835984375 0.52802579375 0.1577380953125 0.5297619046875 0.1514550265625 0.5332341265625 0.1481481484375 0.5357142859375 0.13988095312499998 0.55009920625 0.1359126984375 0.5607638890625 0.128306878125 0.5689484125 0.116071428125 0.57217261875 0.1051587296875 0.572420634375 0.08167989375 0.5706845234375 0.071759259375 0.5672123015625 0.0641534390625 0.562251984375 0.057539682812500006 0.5533234125 0.0505952375 0.5456349203124999 0.047288359375 0.541170634375 0.046957671875 0.5302579359374999 0.0482804234375 0.5205853171875 0.055224867187500006 0.5173611109375 0.059854496874999996 0.5104166671875 0.07506613749999999 0.5086805562500001 0.0916005296875
0 0.3891369046875 0.26521164062499997 0.37822420625 0.2757936515625 0.377480159375 0.2870370375 0.3762400796875 0.29100529062499997 0.3804563484375 0.29398148125 0.384920634375 0.29398148125 0.39012896874999997 0.297619046875 0.393601190625 0.29728835937500003 0.40054563437499996 0.2919973546875 0.403769840625 0.2916666671875 0.41046627031250005 0.2956349203125 0.41493055625 0.2956349203125 0.424355159375 0.2986111109375 0.431299603125 0.2982804234375 0.44196428593750003 0.2926587296875 0.44915674531249994 0.2860449734375 0.455605159375 0.27447089999999996 0.4580853171875 0.2638888890625 0.45709325468750006 0.24007936562499999 0.456101190625 0.2354497359375 0.4484126984375 0.2199074078125 0.4439484125 0.2142857140625 0.4360119046875 0.20800264531249998 0.42633928593750003 0.2046957671875 0.409226190625 0.20667989375 0.406001984375 0.20833333281250002 0.39384920625 0.2265211640625 0.390625 0.24503968281250002 0.390376984375 0.26223545000000004 0.3891369046875 0.26521164062499997
0 0.2948908734375 0.48644179843749996 0.296130953125 0.4986772484375 0.2981150796875 0.50595238125 0.30357142812500004 0.5171957671875 0.30803571406249997 0.5228174609375 0.3172123015625 0.5297619046875 0.3231646828125 0.5324074078125001 0.3320932546875 0.534060846875 0.33407738125 0.541335978125 0.338045634375 0.5449735453125 0.3385416671875 0.547619046875 0.34275793593750004 0.5522486765625 0.3487103171875 0.5555555562500001 0.3539186515625 0.5542328046875 0.3573908734375 0.549603175 0.35887896874999997 0.5423280421875 0.3539186515625 0.5294312171875 0.3521825390625 0.527777778125 0.3521825390625 0.5257936515625 0.3576388890625 0.5208333328125 0.361855159375 0.5142195765625 0.36607142812500004 0.503306878125 0.3675595234375 0.49437830624999995 0.3670634921875 0.4742063484375 0.362103175 0.4609788359375 0.35267857187499996 0.447089946875 0.343501984375 0.440145503125 0.33928571406249997 0.4384920640625 0.32862103125000003 0.4375 0.318700396875 0.440476190625 0.311755953125 0.44477513281250003 0.3053075390625 0.4513888890625 0.3005952375 0.4583333328125 0.2953869046875 0.4742063484375 0.2948908734375 0.48644179843749996
0 0.6299603171875 0.5664682546875001 0.6262400796875001 0.5704365078125 0.6269841265625 0.58101851875 0.6324404765625 0.5886243390625 0.6339285718750001 0.59424603125 0.6329365078125 0.628637565625 0.6361607140625 0.64384920625 0.6396329359374999 0.6498015875 0.6520337296875 0.6617063484375 0.658978175 0.665674603125 0.6654265875 0.6673280421875 0.6755952375 0.6673280421875 0.6825396828125 0.6653439156250001 0.69072420625 0.659060846875 0.6961805562500001 0.6517857140625 0.700148809375 0.6421957671875 0.702876984375 0.6302910046875 0.703125 0.6137566140625 0.7018849203124999 0.60582010625 0.6966765875 0.59424603125 0.686755953125 0.5826719578125 0.674355159375 0.5760582015625 0.656498015625 0.57473545 0.6542658734375 0.5727513234375 0.6495535718750001 0.572089946875 0.646825396875 0.5697751328125 0.6388888890625 0.56845238125 0.6354166671875 0.5664682546875001 0.6299603171875 0.5664682546875001
0 0.7172619046875 0.2321428578125 0.71279761875 0.2374338625 0.7105654765625 0.2460317453125 0.7078373015625 0.2519841265625 0.70634920625 0.2605820109375 0.70634920625 0.27248677187500003 0.7075892859375 0.2804232796875 0.709325396875 0.287367725 0.712549603125 0.29332010625 0.7167658734375 0.2986111109375 0.730902778125 0.30357142812500004 0.7380952375 0.3045634921875 0.7410714281249999 0.308862434375 0.743799603125 0.3105158734375 0.7552083328125 0.3105158734375 0.7579365078125 0.30654761875 0.7633928578125 0.3052248671875 0.762152778125 0.2982804234375 0.76240079375 0.29365079375 0.771329365625 0.2800925921875 0.7738095234375 0.2698412703125 0.7740575390625 0.2546296296875 0.7730654765625 0.246362434375 0.76884920625 0.23644179843750002 0.7619047625 0.22619047656250002 0.7586805562500001 0.2235449734375 0.7514880953125 0.2195767203125 0.743799603125 0.2179232796875 0.73487103125 0.21858465625 0.7279265875 0.2208994703125 0.7237103171875 0.2235449734375 0.718005953125 0.2298280421875 0.7172619046875 0.2321428578125
2 0.38095238125 0.3019179890625 0.374255953125 0.2999338625 0.362351190625 0.2992724875 0.3554067453125 0.3022486765625 0.349454365625 0.30687830625 0.340773809375 0.31944444375000003 0.3355654765625 0.333664021875 0.3345734125 0.349867725 0.3363095234375 0.35648148125 0.341269840625 0.36607142812500004 0.346478175 0.3730158734375 0.3474702375 0.3773148140625 0.3489583328125 0.37929894218750004 0.3576388890625 0.384589946875 0.37400793593750004 0.3892195765625 0.3799603171875 0.3988095234375 0.38467261875 0.4014550265625 0.3869047625 0.40641534375 0.3921130953125 0.40839947031249996 0.39732142812500004 0.4080687828125 0.40029761875 0.40608465625 0.4012896828125 0.403769840625 0.40252976250000005 0.3928571421875 0.4010416671875 0.3882275125 0.40054563437499996 0.38128306875 0.39756944375000003 0.3733465609375 0.39756944375000003 0.3700396828125 0.40178571406249997 0.35681216875 0.40252976250000005 0.34391534375 0.4007936515625 0.32771164062499997 0.3970734125 0.3174603171875 0.3926091265625 0.3111772484375 0.387896825 0.30919312187500003 0.38095238125 0.3019179890625
2 0.3072916671875 0.13723544999999998 0.3008432546875 0.13888888906250002 0.297619046875 0.141203703125 0.2931547625 0.14781746093749998 0.2884424609375 0.15178571406250002 0.281994046875 0.165343915625 0.281498015625 0.190476190625 0.283978175 0.2017195765625 0.28720238125 0.20833333281250002 0.2956349203125 0.21891534375 0.29588293593750004 0.221891534375 0.2981150796875 0.22387566093750003 0.31597222187499996 0.23115079375 0.337549603125 0.24966931250000002 0.343998015625 0.2503306875 0.349454365625 0.246362434375 0.3514384921875 0.24305555625 0.3509424609375 0.23148148124999998 0.3487103171875 0.228174603125 0.34424603125000003 0.214947090625 0.34424603125000003 0.21031746093749998 0.34722222187499996 0.196759259375 0.3477182546875 0.1822089953125 0.346478175 0.16931216875 0.34325396874999997 0.159391534375 0.3328373015625 0.1448412703125 0.32366071406249997 0.1392195765625 0.3179563484375 0.13723544999999998 0.3072916671875 0.13723544999999998
2 0.0853174609375 0.3551587296875 0.0853174609375 0.3703703703125 0.088045634375 0.38128306875 0.09548611093750001 0.396825396875 0.09920634843750001 0.40178571406249997 0.10615079375 0.4077380953125 0.10813492031250001 0.4269179890625 0.1140873015625 0.4378306875 0.11904761875 0.44345238125 0.12202380937499999 0.44312169375000005 0.1292162703125 0.4378306875 0.13343253906250002 0.43088624375 0.13467261875 0.4166666671875 0.13616071406250002 0.41203703750000004 0.13715277812499999 0.41038359843750005 0.14905753906250002 0.403108465625 0.15575396875 0.3955026453125 0.1609623015625 0.3852513234375 0.1639384921875 0.3736772484375 0.1639384921875 0.3581349203125 0.1617063484375 0.35052910000000004 0.15625 0.33928571406249997 0.15029761875 0.3323412703125 0.14136904687500002 0.3250661375 0.12847222187500001 0.31911375625 0.1173115078125 0.31944444375000003 0.1083829359375 0.321759259375 0.096230159375 0.33002645468749997 0.09250992031250001 0.334656084375 0.0887896828125 0.3419312171875 0.0853174609375 0.3551587296875