1 0.90078125 0.71875 0.115625 0.08125
1 0.49453125 0.8125 0.1234375 0.075
1 0.73671875 0.59140625 0.1 0.0890625
1 0.7234375 0.3734375 0.1140625 0.078125
1 0.5046875 0.3 0.1 0.090625
0 0.740625 0.8890625 0.140625 0.090625
0 0.396875 0.6296875 0.09375 0.0703125
0 0.3046875 0.54296875 0.13125 0.071875
0 0.553125 0.465625 0.10625 0.09375
0 0.6453125 0.16640625 0.1234375 0.078125
2 0.32734375 0.35625 0.1296875 0.075
2 0.18125 0.45 0.11875 0.0796875
2 0.17421875 0.62109375 0.1015625 0.1015625
2 0.0453125 0.6625 0.090625 0.0953125
2 0.509375 0.7375 0.1171875 0.075
0 0.7334656078124999 0.8546626984374999 0.7235449734375 0.8576388890625 0.7195767203125001 0.860119046875 0.708664021875 0.8705357140625001 0.6977513234375 0.8700396828124999 0.69378306875 0.868799603125 0.690145503125 0.8710317453125 0.6851851859375 0.871527778125 0.68187830625 0.8740079359375 0.6808862437500001 0.8769841265625 0.6828703703125 0.88095238125 0.69378306875 0.88740079375 0.7017195765625 0.8888888890625 0.70634920625 0.891369046875 0.7149470906250001 0.9050099203125 0.724867725 0.9129464281249999 0.7380952375 0.9181547625 0.7542989421875 0.919394840625 0.7635582015625 0.9176587296875001 0.7721560843749999 0.9139384921874999 0.7797619046875 0.9074900796875 0.7850529093749999 0.89657738125 0.7857142859375 0.887896825 0.7824074078125001 0.8772321421875 0.7761243390625 0.8685515875 0.7671957671875 0.8613591265625 0.7585978843750001 0.8573908734375 0.7513227515625001 0.8554067453125 0.7334656078124999 0.8546626984374999
0 0.4077380953125 0.597222221875 0.3991402109375 0.596478175 0.3882275125 0.59697420625 0.375 0.6006944437499999 0.36375661406250004 0.6081349203124999 0.35582010625 0.6197916671875 0.3551587296875 0.6321924609375 0.360119046875 0.6428571421875 0.366402115625 0.6490575390625 0.377976190625 0.6545138890625 0.390542328125 0.656994046875 0.400132275 0.65674603125 0.4077380953125 0.6604662703125 0.41732804218749997 0.6609623015625 0.4203042328125 0.6602182546875001 0.4232804234375 0.6574900796875001 0.4242724875 0.6517857140625 0.4229497359375 0.6490575390625 0.43088624375 0.64112103125 0.43551587343750003 0.6319444437499999 0.43551587343750003 0.6197916671875 0.43121693125 0.6111111109375 0.42526454999999996 0.6051587296875 0.4203042328125 0.6019345234375 0.4077380953125 0.597222221875
0 0.3544973546875 0.541170634375 0.35251322812499997 0.5399305562500001 0.339947090625 0.5391865078125 0.3356481484375 0.531001984375 0.33101851875 0.5260416671875 0.3201058203125 0.519097221875 0.30919312187500003 0.515873015625 0.2953042328125 0.51512896875 0.287367725 0.516369046875 0.278108465625 0.5193452375 0.26653439218749997 0.5265376984375 0.25826719531250003 0.5381944437499999 0.2576058203125 0.5488591265625 0.259589946875 0.5570436515625 0.2619047625 0.5607638890625 0.271164021875 0.5691964281249999 0.2833994703125 0.5744047625 0.3005952375 0.5763888890625 0.3128306875 0.574652778125 0.32374338593749996 0.5699404765625 0.333664021875 0.561755953125 0.3389550265625 0.5540674609375 0.3515211640625 0.5545634921875 0.3544973546875 0.5513392859375 0.3630952375 0.55009920625 0.3644179890625 0.54737103125 0.36276454999999996 0.5458829359374999 0.35582010625 0.5446428578125 0.3544973546875 0.541170634375
0 0.5582010578125 0.43154761875 0.5555555562500001 0.4293154765625 0.5489417984375 0.42757936562500004 0.5456349203124999 0.4300595234375 0.5383597890625 0.43179563437499996 0.5367063484375 0.43551587343750003 0.5376984125 0.4422123015625 0.5257936515625 0.4481646828125 0.5178571421875 0.455605159375 0.512896825 0.46552579375 0.5125661375 0.4742063484375 0.5138888890625 0.4794146828125 0.51818783125 0.487103175 0.5264550265625 0.493799603125 0.5416666671875 0.499751984375 0.5552248671875 0.5009920640625001 0.5625 0.5 0.5704365078125 0.497519840625 0.5830026453125 0.49007936562500004 0.587632275 0.48487103125 0.591269840625 0.478174603125 0.5925925921874999 0.468501984375 0.5892857140625 0.4585813484375 0.5846560843749999 0.452876984375 0.5727513234375 0.44469246093750003 0.5621693125 0.44171627031250005 0.5582010578125 0.43154761875
0 0.6699735453125 0.1369047625 0.6613756609375 0.1329365078125 0.650132275 0.130704365625 0.6355820109375 0.131696428125 0.6180555562500001 0.1391369046875 0.6078042328125 0.1488095234375 0.6041666671875 0.1547619046875 0.6021825390625 0.1626984125 0.6021825390625 0.1698908734375 0.603835978125 0.17633928593749998 0.6081349203124999 0.18402777812499999 0.6134259265625001 0.18923611093749998 0.6203703703125 0.193700396875 0.627976190625 0.1966765875 0.6362433859375 0.1984126984375 0.64417989375 0.19866071406250002 0.6511243390625 0.1979166671875 0.6610449734375 0.19469246093749998 0.66931216875 0.190476190625 0.6742724875 0.18650793593749998 0.6822089953125 0.17633928593749998 0.6858465609375 0.161954365625 0.688161375 0.15972222187500001 0.6891534390625 0.15525793593749998 0.688161375 0.1488095234375 0.6802248671875 0.1453373015625 0.6699735453125 0.1369047625
1 0.515873015625 0.265376984375 0.5142195765625 0.265873015625 0.5145502640624999 0.2671130953125 0.5119047625 0.2671130953125 0.5109126984375 0.265873015625 0.5069444437499999 0.26661706406249996 0.500661375 0.27008928593750003 0.49768518593750005 0.2730654765625 0.484126984375 0.2757936515625 0.47453703750000004 0.2800099203125 0.4675925921875 0.2854662703125 0.4639550265625 0.2904265875 0.46031746093750003 0.30282738125 0.46031746093750003 0.309523809375 0.462632275 0.3164682546875 0.4672619046875 0.3229166671875 0.47288359843750005 0.32762896874999997 0.47982804218749997 0.33134920625 0.4861111109375 0.3333333328125 0.49338624375 0.3345734125 0.5039682546875001 0.33482142812500004 0.5138888890625 0.3330853171875 0.521825396875 0.3301091265625 0.528439153125 0.325644840625 0.534391534375 0.31845238125 0.5376984125 0.3082837296875 0.537367725 0.29786706406249996 0.534722221875 0.29092261875 0.5291005296875 0.2834821421875 0.521494709375 0.278521825 0.5221560843749999 0.2720734125 0.515873015625 0.265376984375
1 0.746362434375 0.35267857187499996 0.7397486765625 0.34821428593750003 0.7331349203124999 0.3454861109375 0.7238756609375 0.343501984375 0.7146164015625 0.343005953125 0.697089946875 0.3477182546875 0.6861772484374999 0.3546626984375 0.68187830625 0.359375 0.678240740625 0.36607142812500004 0.6769179890625 0.3772321421875 0.68154761875 0.3883928578125 0.6898148140625 0.3958333328125 0.6944444437499999 0.3983134921875 0.7046957671875 0.4015376984375 0.7169312171875 0.40252976250000005 0.7251984125 0.4015376984375 0.733796296875 0.3990575390625 0.7476851859375 0.39012896874999997 0.7513227515625001 0.3864087296875 0.7549603171875 0.3797123015625 0.75595238125 0.36904761875 0.7585978843750001 0.36805555624999997 0.762896825 0.3640873015625 0.7642195765625 0.358630953125 0.753637565625 0.3516865078125 0.746362434375 0.35267857187499996
1 0.7450396828125 0.559027778125 0.7291666671875 0.5582837296875 0.7136243390625 0.562251984375 0.703373015625 0.5701884921875 0.697420634375 0.5793650796875001 0.697089946875 0.5895337296875 0.7000661375 0.5984623015625 0.70634920625 0.605902778125 0.7179232796874999 0.6140873015625 0.7242063484375 0.6163194437499999 0.7271825390625 0.6210317453124999 0.73082010625 0.6235119046875 0.7387566140625 0.62549603125 0.74437830625 0.624255953125 0.75595238125 0.6140873015625 0.7638888890625 0.610119046875 0.7695105812499999 0.6054067453124999 0.7757936515625 0.5949900796875001 0.7771164015625 0.5848214281249999 0.7728174609375 0.574652778125 0.7675264546875 0.5689484125 0.7615740734374999 0.5647321421875 0.752976190625 0.5610119046875 0.7450396828125 0.559027778125
1 0.8948412703124999 0.6954365078125 0.8875661375 0.6984126984375 0.874338625 0.688244046875 0.8710317453125 0.688244046875 0.8660714281249999 0.69072420625 0.859457671875 0.6852678578125 0.85681216875 0.685019840625 0.8544973546874999 0.687251984375 0.8544973546874999 0.6894841265625 0.8581349203125 0.6949404765625 0.85681216875 0.7011408734375 0.8700396828124999 0.7110615078125 0.8697089953124999 0.7259424609375 0.875661375 0.737103175 0.8826058203124999 0.7430555562500001 0.8945105812499999 0.74950396875 0.9047619046875001 0.752480159375 0.9179894187500001 0.753472221875 0.927910053125 0.7522321421875 0.9365079359375 0.749255953125 0.9451058203124999 0.7435515875 0.9500661375 0.737103175 0.952380953125 0.73115079375 0.952380953125 0.721726190625 0.9457671953125001 0.7103174609375 0.934193121875 0.7018849203124999 0.921626984375 0.6966765875 0.9047619046875001 0.6944444437499999 0.8948412703124999 0.6954365078125
1 0.4874338625 0.777777778125 0.471560846875 0.7891865078125 0.4507275125 0.7951388890625 0.447089946875 0.7983630953125 0.446428571875 0.8035714281249999 0.4546957671875 0.811755953125 0.46792327968749997 0.815476190625 0.4768518515625 0.8263888890625 0.48379629687500003 0.830853175 0.49636243437500005 0.8350694437499999 0.509259259375 0.8355654765624999 0.5175264546875 0.83407738125 0.5234788359375 0.8318452375 0.5294312171875 0.82862103125 0.5353835984375 0.8231646828124999 0.540674603125 0.81299603125 0.541335978125 0.7991071421875 0.5367063484375 0.7901785718750001 0.5257936515625 0.781001984375 0.512896825 0.7757936515625 0.4986772484375 0.775049603125 0.4874338625 0.777777778125
2 0.3541666671875 0.3554067453125 0.3511904765625 0.34697420625 0.346891534375 0.34027777812500004 0.34027777812500004 0.33407738125 0.334325396875 0.3303571421875 0.3230820109375 0.3266369046875 0.3052248671875 0.3263888890625 0.2916666671875 0.3303571421875 0.28075396874999997 0.3382936515625 0.2741402109375 0.35044642812500004 0.27447089999999996 0.361855159375 0.28075396874999997 0.3730158734375 0.290343915625 0.3804563484375 0.3052248671875 0.3856646828125 0.31944444375000003 0.3866567453125 0.3330026453125 0.38368055624999997 0.3422619046875 0.3787202375 0.34821428593750003 0.3735119046875 0.3614417984375 0.37450396874999997 0.374338625 0.3730158734375 0.3799603171875 0.3695436515625 0.3802910046875 0.3665674609375 0.377645503125 0.36383928593750003 0.3703703703125 0.35987103125000003 0.36673280468749997 0.35590277812500004 0.3541666671875 0.3554067453125
2 0.153439153125 0.4201388890625 0.1458333328125 0.4233630953125 0.1385582015625 0.428075396875 0.133928571875 0.43377976250000005 0.13095238125 0.439980159375 0.13062169375 0.450148809375 0.134920634375 0.4595734125 0.1448412703125 0.46924603125 0.153108465625 0.4734623015625 0.16302909999999998 0.47594246093750003 0.1792328046875 0.4766865078125 0.19378306875 0.4737103171875 0.20370370312500002 0.4794146828125 0.2199074078125 0.481646825 0.2251984125 0.4791666671875 0.2265211640625 0.47296627031250005 0.222222221875 0.4670138890625 0.21164021093750002 0.45907738125 0.21296296250000002 0.444196428125 0.21164021093750002 0.4389880953125 0.20601851875000002 0.43055555625 0.1984126984375 0.42385912656249997 0.183862434375 0.41790674531249994 0.16798941875 0.41741071406249997 0.153439153125 0.4201388890625
2 0.18584656093750002 0.5763888890625 0.18121693125 0.5768849203124999 0.17261904687500002 0.58134920625 0.1640211640625 0.5977182546875001 0.1498015875 0.6019345234375 0.1375661375 0.609623015625 0.13161375625 0.6160714281249999 0.128637565625 0.6240079359374999 0.128637565625 0.6321924609375 0.13062169375 0.6391369046875 0.1332671953125 0.643601190625 0.1385582015625 0.6488095234375 0.147156084375 0.653521825 0.1554232796875 0.656001984375 0.17162698437499999 0.656994046875 0.1835317453125 0.6550099203124999 0.1954365078125 0.6498015875 0.20833333281250002 0.6393849203124999 0.21130952343749998 0.6341765875 0.21031746093749998 0.62177579375 0.203373015625 0.60887896875 0.19312169375 0.6016865078125 0.1927910046875 0.584325396875 0.190145503125 0.580853175 0.190145503125 0.578125 0.18584656093750002 0.5763888890625
2 0 0.6966765875 0.0132275125 0.7013888890625 0.029100529687499998 0.702380953125 0.04298941875 0.6994047625 0.054232804687500004 0.6946924609375 0.0615079359375 0.6892361109375 0.06812169375 0.68154761875 0.07043650781250001 0.671875 0.0701058203125 0.6617063484375 0.0677910046875 0.6552579359374999 0.0644841265625 0.650545634375 0.06878306875 0.650049603125 0.071097884375 0.6480654765625 0.07506613749999999 0.6386408734375 0.075396825 0.6369047625 0.0734126984375 0.6354166671875 0.0744047625 0.6272321421875 0.072089946875 0.62549603125 0.0648148140625 0.625248015625 0.057870370312499995 0.6299603171875 0.053240740625000005 0.6314484125 0.0453042328125 0.63740079375 0.0416666671875 0.6383928578125 0.040674603125 0.639880953125 0.03174603125 0.64012896875 0.015873015625 0.643353175 0.006944443749999999 0.64657738125 0 0.650545634375 0 0.6966765875
2 0.5066137562499999 0.7147817453124999 0.497354496875 0.71825396875 0.48875661406250004 0.713045634375 0.47982804218749997 0.7100694437499999 0.4735449734375 0.7103174609375 0.46825396875 0.7118055562500001 0.466269840625 0.7150297625 0.4672619046875 0.7224702375 0.47255290937499994 0.728670634375 0.48148148125 0.73487103125 0.48082010625000005 0.7487599203124999 0.48644179843749996 0.7604166671875 0.49801587343750003 0.7698412703125 0.5112433859375 0.7738095234375 0.521825396875 0.7743055562500001 0.5297619046875 0.7730654765625 0.5396825390625 0.7695932546875001 0.54431216875 0.7666170640625001 0.5499338625 0.75967261875 0.5552248671875 0.747271825 0.5548941796875 0.737103175 0.55026455 0.7276785718750001 0.5386904765625 0.71875 0.5297619046875 0.715773809375 0.51223545 0.7140376984375 0.5066137562499999 0.7147817453124999