0 0.66875 0.5015625 0.084375 0.13515625
0 0.334375 0.38203125 0.09453125 0.125
0 0.58203125 0.7453125 0.09140625 0.10078125
0 0.4625 0.896875 0.08203125 0.13046875
0 0.25859375 0.734375 0.09453125 0.11015625
1 0.25625 0.48984375 0.07890625 0.11484375
1 0.56171875 0.25234375 0.10390625 0.12890625
1 0.38828125 0.5234375 0.08359375 0.13203125
1 0.29375 0.94765625 0.096875 0.1046875
2 0.6296875 0.64296875 0.0859375 0.125
2 0.684375 0.8 0.08671875 0.13359375
2 0.875 0.61875 0.0890625 0.14375
1 0.537450396875 0.2953042328125 0.54365079375 0.30026454999999996 0.5533234125 0.303902115625 0.5602678578125 0.303902115625 0.5679563484375 0.3015873015625 0.5796130953125 0.2926587296875 0.5895337296875 0.2761243390625 0.5927579359374999 0.266203703125 0.594494046875 0.2552910046875 0.59375 0.24305555625 0.5895337296875 0.23082010625 0.59375 0.23048941875 0.6001984125 0.2242063484375 0.6006944437499999 0.2195767203125 0.6024305562500001 0.215608465625 0.6024305562500001 0.21130952343749998 0.6014384921875 0.209325396875 0.59052579375 0.20271164062499997 0.5853174609375 0.2020502640625 0.577380953125 0.2046957671875 0.5731646828125 0.20800264531249998 0.5615079359374999 0.20568783124999998 0.5553075390625 0.20568783124999998 0.5481150796875001 0.2076719578125 0.5391865078125 0.2142857140625 0.531498015625 0.222552909375 0.5240575390625 0.2384259265625 0.5220734125 0.24834656093750002 0.521825396875 0.2632275125 0.5243055562500001 0.27447089999999996 0.5300099203124999 0.2853835984375 0.537450396875 0.2953042328125
1 0.372519840625 0.575396825 0.38194444375000003 0.5793650796875001 0.3983134921875 0.578373015625 0.4050099203125 0.57473545 0.408978175 0.5710978843750001 0.41617063437499996 0.5601851859375 0.419394840625 0.5492724875 0.42137896875 0.5380290999999999 0.42113095312500004 0.5254629625 0.418898809375 0.515542328125 0.4144345234375 0.5072751328125 0.40625 0.49933862500000004 0.40823412656249997 0.48015872968749995 0.406498015625 0.477513228125 0.4052579359375 0.46858465625 0.40426587343750003 0.46660052968750004 0.39930555624999997 0.4639550265625 0.3953373015625 0.4639550265625 0.3886408734375 0.46825396875 0.388144840625 0.47321428593750003 0.38616071406249997 0.477843915625 0.3851686515625 0.4894179890625 0.372519840625 0.49669312187500003 0.3665674609375 0.5019841265625 0.356894840625 0.515873015625 0.35342261875 0.5271164015625 0.3539186515625 0.547288359375 0.356646825 0.5575396828125 0.3670634921875 0.5714285718750001 0.372519840625 0.575396825
1 0.2353670640625 0.515542328125 0.24107142812500001 0.5208333328125 0.24677579375 0.5238095234375 0.2678571421875 0.5261243390625 0.2695932546875 0.528769840625 0.2705853171875 0.5360449734375 0.283730159375 0.5419973546875 0.2876984125 0.5403439156250001 0.2889384921875 0.5330687828125 0.2854662703125 0.51223545 0.28447420625 0.5105820109375 0.2876984125 0.48379629687500003 0.287450396875 0.4705687828125 0.2852182546875 0.4613095234375 0.281001984375 0.4543650796875 0.26909722187499996 0.4457671953125 0.2636408734375 0.44345238125 0.25347222187499996 0.4421296296875 0.2455357140625 0.44312169375000005 0.2385912703125 0.447089946875 0.231398809375 0.45535714218749995 0.22619047656250002 0.465939153125 0.2242063484375 0.4751984125 0.2242063484375 0.4894179890625 0.2264384921875 0.500661375 0.2289186515625 0.5069444437499999 0.2353670640625 0.515542328125
1 0.3301091265625 1 0.3320932546875 0.990740740625 0.33159722187499996 0.9771825390625001 0.32862103125000003 0.9629629625 0.3241567453125 0.953703703125 0.3177083328125 0.9454365078125001 0.312748015625 0.9417989421874999 0.31349206406249996 0.9375 0.3112599203125 0.922288359375 0.3043154765625 0.908730159375 0.2953869046875 0.9110449734375001 0.28993055624999997 0.9143518515625001 0.286954365625 0.9176587296875001 0.2859623015625 0.9196428578125 0.28571428593750003 0.924603175 0.2859623015625 0.9414682546875 0.2733134921875 0.9500661375 0.2671130953125 0.95667989375 0.26116071406249997 0.9669312171875 0.25892857187499996 0.9791666671874999 0.25892857187499996 1 0.3301091265625 1
0 0.437748015625 0.9424603171875001 0.4466765875 0.9494047625 0.4543650796875 0.952711640625 0.45882936562500004 0.953042328125 0.4697420640625 0.9517195765625001 0.4794146828125 0.9447751328124999 0.4826388890625 0.940145503125 0.4895833328125 0.9249338625 0.49131944375 0.9083994703125 0.4898313484375 0.871693121875 0.4908234125 0.853835978125 0.4853670640625 0.8399470906250001 0.48090277812500004 0.8366402109375001 0.47470238125 0.8396164015625001 0.47197420625 0.8422619046875001 0.4702380953125 0.8485449734375001 0.46676587343750003 0.8518518515625001 0.46428571406249997 0.860119046875 0.44990079375 0.8640873015625001 0.4392361109375 0.871693121875 0.4310515875 0.8839285718750001 0.42782738125 0.8948412703124999 0.42757936562500004 0.91832010625 0.4293154765625 0.928240740625 0.4327876984375 0.9358465609375 0.437748015625 0.9424603171875001
0 0.5560515875 0.7857142859375 0.5639880953125 0.7919973546875 0.5736607140625 0.7953042328125 0.590773809375 0.79332010625 0.593998015625 0.7916666671875 0.60615079375 0.7734788359375 0.609375 0.7549603171875 0.609623015625 0.73776455 0.6108630953125 0.734788359375 0.62177579375 0.7242063484375 0.622519840625 0.7129629625 0.6237599203124999 0.708994709375 0.6195436515625 0.70601851875 0.615079365625 0.70601851875 0.60987103125 0.702380953125 0.606398809375 0.702711640625 0.599454365625 0.7080026453125 0.596230159375 0.7083333328125 0.5895337296875 0.7043650796875001 0.5850694437499999 0.7043650796875001 0.575644840625 0.7013888890625 0.568700396875 0.7017195765625 0.5580357140625 0.7073412703125 0.5508432546875001 0.7139550265625 0.544394840625 0.7255290999999999 0.5419146828125 0.7361111109375 0.5429067453124999 0.759920634375 0.543898809375 0.7645502640624999 0.5515873015625 0.7800925921874999 0.5560515875 0.7857142859375
0 0.656498015625 0.559854496875 0.6607142859375 0.5615079359374999 0.67137896875 0.5625 0.681299603125 0.559523809375 0.688244046875 0.5552248671875 0.6946924609375 0.5486111109375 0.6994047625 0.5416666671875 0.7046130953125 0.5257936515625 0.7051091265625 0.5135582015625 0.703869046875 0.5013227515625001 0.7018849203124999 0.49404761875 0.6964285718750001 0.4828042328125 0.6919642859375 0.47718253906249997 0.6827876984375 0.4702380953125 0.6768353171875 0.4675925921875 0.6679067453124999 0.465939153125 0.66592261875 0.45866402187500005 0.661954365625 0.45502645468749997 0.6614583328125 0.45238095312500004 0.6572420640625001 0.4477513234375 0.6512896828125 0.44444444375 0.6460813484375 0.4457671953125 0.6426091265625 0.450396825 0.64112103125 0.45767195781250003 0.6460813484375 0.4705687828125 0.6478174609375 0.47222222187499996 0.6478174609375 0.4742063484375 0.6423611109375 0.4791666671875 0.638144840625 0.4857804234375 0.6339285718750001 0.49669312187500003 0.6324404765625 0.50562169375 0.6329365078125 0.5257936515625 0.637896825 0.5390211640625 0.6473214281249999 0.552910053125 0.656498015625 0.559854496875
0 0.313244046875 0.41732804218749997 0.325644840625 0.42394179843749996 0.343501984375 0.42526454999999996 0.3457341265625 0.4272486765625 0.35044642812500004 0.427910053125 0.353174603125 0.43022486718749997 0.3611111109375 0.43154761875 0.3645833328125 0.43353174531249994 0.3700396828125 0.43353174531249994 0.3737599203125 0.4295634921875 0.3730158734375 0.41898148125 0.3675595234375 0.4113756609375 0.36607142812500004 0.40575396875 0.3670634921875 0.371362434375 0.36383928593750003 0.35615079375 0.36036706406249996 0.3501984125 0.3479662703125 0.3382936515625 0.341021825 0.334325396875 0.3345734125 0.33267195781250003 0.3244047625 0.33267195781250003 0.3174603171875 0.334656084375 0.30927579375 0.340939153125 0.30381944375000003 0.34821428593750003 0.299851190625 0.3578042328125 0.297123015625 0.3697089953125 0.296875 0.38624338593749996 0.2981150796875 0.39417989375 0.3033234125 0.40575396875 0.313244046875 0.41732804218749997
0 0.2380952375 0.7738095234375 0.24131944375 0.7764550265625 0.2485119046875 0.7804232796874999 0.256200396875 0.7820767203125001 0.26512896874999997 0.78141534375 0.2720734125 0.7791005296875 0.2762896828125 0.7764550265625 0.281994046875 0.7701719578125 0.2827380953125 0.7678571421875 0.28720238125 0.7625661375 0.2894345234375 0.7539682546875001 0.2921626984375 0.7480158734375 0.29365079375 0.7394179890625 0.29365079375 0.7275132281250001 0.29241071406249997 0.7195767203125001 0.290674603125 0.712632275 0.287450396875 0.70667989375 0.2832341265625 0.7013888890625 0.26909722187499996 0.6964285718750001 0.2619047625 0.6954365078125 0.25892857187499996 0.691137565625 0.256200396875 0.6894841265625 0.24479166718749998 0.6894841265625 0.2420634921875 0.69345238125 0.2366071421875 0.6947751328125 0.237847221875 0.7017195765625 0.23759920625 0.70634920625 0.22867063437500001 0.7199074078125001 0.22619047656250002 0.7301587296875 0.22594246093749998 0.7453703703125 0.22693452343749998 0.753637565625 0.23115079375 0.7635582015625 0.2380952375 0.7738095234375
2 0.6024305562500001 0.6266534390625 0.6024305562500001 0.6299603171875 0.5982142859375 0.64318783125 0.5974702375 0.65608465625 0.5992063484375 0.672288359375 0.6029265875 0.6825396828125 0.6073908734375 0.6888227515625001 0.612103175 0.690806878125 0.61904761875 0.6980820109375 0.625744046875 0.7000661375 0.637648809375 0.7007275125 0.6445932546875001 0.6977513234375 0.650545634375 0.69312169375 0.659226190625 0.6805555562500001 0.6644345234375 0.666335978125 0.6654265875 0.650132275 0.6636904765625 0.64351851875 0.658730159375 0.6339285718750001 0.653521825 0.6269841265625 0.6525297625 0.6226851859375 0.6510416671875 0.6207010578125 0.6423611109375 0.615410053125 0.6259920640625001 0.6107804234375 0.6200396828125 0.6011904765625 0.61532738125 0.5985449734375 0.6130952375 0.59358465625 0.6078869046875 0.5916005296875 0.6026785718750001 0.5919312171875 0.59970238125 0.59391534375 0.5987103171875 0.596230159375 0.5974702375 0.6071428578125 0.5989583328125 0.6117724875 0.599454365625 0.61871693125 0.6024305562500001 0.6266534390625
2 0.65575396875 0.7896825390625 0.652777778125 0.803240740625 0.6522817453124999 0.8177910046875001 0.653521825 0.83068783125 0.65674603125 0.840608465625 0.6671626984375 0.8551587296875001 0.6763392859375 0.8607804234374999 0.6820436515625 0.86276455 0.6927083328125 0.86276455 0.6991567453124999 0.8611111109375 0.702380953125 0.858796296875 0.7068452375 0.8521825390625001 0.7115575390625 0.8482142859374999 0.718005953125 0.8346560843749999 0.718501984375 0.809523809375 0.716021825 0.7982804234375 0.71279761875 0.7916666671875 0.7043650796875001 0.78108465625 0.7041170640625001 0.778108465625 0.7018849203124999 0.7761243390625 0.684027778125 0.76884920625 0.662450396875 0.7503306875 0.656001984375 0.7496693125 0.650545634375 0.753637565625 0.6485615078125 0.7569444437499999 0.6490575390625 0.76851851875 0.6512896828125 0.771825396875 0.65575396875 0.7850529093749999 0.65575396875 0.7896825390625
2 0.84970238125 0.6676587296875 0.858630953125 0.6749338625 0.871527778125 0.6808862437500001 0.8826884921874999 0.6805555562500001 0.8916170640625 0.678240740625 0.903769840625 0.6699735453125 0.9074900796875 0.6653439156250001 0.9112103171875001 0.6580687828125 0.9146825390625001 0.6448412703125 0.9146825390625001 0.6296296296875 0.911954365625 0.61871693125 0.9045138890625 0.603174603125 0.9007936515624999 0.5982142859375 0.89384920625 0.5922619046875 0.8918650796875 0.5730820109375 0.8859126984374999 0.5621693125 0.88095238125 0.55654761875 0.877976190625 0.55687830625 0.8707837296875001 0.5621693125 0.8665674609374999 0.5691137562499999 0.86532738125 0.5833333328125 0.8638392859374999 0.5879629625 0.862847221875 0.5896164015625 0.8509424609374999 0.596891534375 0.84424603125 0.6044973546875 0.8390376984374999 0.6147486765625 0.8360615078125001 0.6263227515625001 0.8360615078125001 0.6418650796875001 0.8382936515624999 0.6494709000000001 0.84375 0.6607142859375 0.84970238125 0.6676587296875