0 0.2875 0.46640625 0.096875 0.065625
1 0.5234375 0.4265625 0.10625 0.0625
2 0.52890625 0.55546875 0.1 0.065625
0 0.18671875 0.5578125 0.115625 0.0703125
1 0.38515625 0.696875 0.0859375 0.0875
2 0.5859375 0.7453125 0.090625 0.0671875
2 0.70078125 0.61328125 0.1140625 0.071875
2 0.8296875 0.65 0.11875 0.06875
0 0.67265625 0.4890625 0.0921875 0.078125
1 0.3640625 0.27890625 0.0921875 0.071875
0 0.13515625 0.31328125 0.096875 0.0703125
1 0.69765625 0.30546875 0.08125 0.065625
2 0.62421875 0.34375 0.08125 0.078125
1 0.35859375 0.128125 0.090625 0.096875
0 0.63515625 0.1125 0.1015625 0.084375
1 0.34722222187499996 0.70907738125 0.34821428593750003 0.713045634375 0.3551587296875 0.7242063484375 0.3647486765625 0.730902778125 0.37400793593750004 0.73387896875 0.38955026406250004 0.734623015625 0.40244709062500006 0.73115079375 0.4126984125 0.724950396875 0.41931216875 0.715773809375 0.4209656078125 0.7073412703125 0.41997354531250003 0.6966765875 0.4166666671875 0.690228175 0.41038359843750005 0.68427579375 0.41203703750000004 0.6785714281249999 0.41468253906249997 0.67509920625 0.415343915625 0.6666666671875 0.4140211640625 0.6629464281249999 0.4117063484375 0.6607142859375 0.40608465625 0.6582341265625 0.40178571406249997 0.6582341265625 0.3958333328125 0.6599702375 0.39252645468749997 0.662450396875 0.390542328125 0.6664186515625 0.3875661375 0.668402778125 0.3865740734375 0.674355159375 0.3875661375 0.67782738125 0.3736772484375 0.6798115078125 0.3647486765625 0.684027778125 0.3544973546875 0.6914682546875001 0.34821428593750003 0.7016369046875 0.34722222187499996 0.70907738125
2 0.603835978125 0.7710813484375 0.6180555562500001 0.762896825 0.622354496875 0.75595238125 0.6207010578125 0.753472221875 0.6207010578125 0.7433035718750001 0.6183862437500001 0.7363591265625 0.6147486765625 0.7304067453124999 0.60648148125 0.7232142859375 0.5952380953125 0.718501984375 0.58101851875 0.7175099203124999 0.5677910046875 0.721478175 0.558862434375 0.7269345234375 0.5558862437500001 0.7299107140625 0.5489417984375 0.7408234125 0.5482804234375 0.7519841265625 0.5552248671875 0.762648809375 0.5638227515625001 0.7695932546875001 0.57473545 0.7738095234375 0.5892857140625 0.7748015875 0.596891534375 0.7735615078125 0.603835978125 0.7710813484375
2 0.6798941796875 0.6299603171875 0.6878306875 0.6359126984375 0.69378306875 0.6388888890625 0.7013888890625 0.64112103125 0.7109788359375 0.6423611109375 0.71891534375 0.6418650796875001 0.7265211640625 0.64012896875 0.7334656078124999 0.637152778125 0.740410053125 0.6324404765625 0.7457010578125 0.625744046875 0.7486772484374999 0.6178075390625 0.7483465609375 0.609375 0.7447089953125 0.6014384921875 0.7354497359375001 0.5927579359374999 0.728505290625 0.5892857140625 0.715608465625 0.5860615078125 0.7070105812499999 0.5860615078125 0.6987433859375 0.58779761875 0.686838625 0.593501984375 0.6789021156249999 0.6006944437499999 0.6736111109375 0.6113591265625 0.6600529093749999 0.6163194437499999 0.6550925921874999 0.619295634375 0.652777778125 0.625 0.65608465625 0.6287202375 0.6617063484375 0.63095238125 0.66898148125 0.6319444437499999 0.6798941796875 0.6299603171875
2 0.7771164015625 0.65674603125 0.7797619046875 0.6582341265625 0.787367725 0.6579861109375 0.790674603125 0.659722221875 0.8048941796875001 0.658978175 0.811838625 0.6674107140625 0.816137565625 0.6706349203124999 0.8257275125 0.675347221875 0.833994709375 0.6773313484375 0.8511904765624999 0.67782738125 0.858796296875 0.6763392859375 0.8680555562500001 0.67237103125 0.875661375 0.665674603125 0.8796296296874999 0.6584821421875 0.8802910046875001 0.6480654765625 0.8769841265625 0.6391369046875 0.8710317453125 0.6321924609375 0.8611111109375 0.6259920640625001 0.847222221875 0.622023809375 0.8379629625 0.62177579375 0.827380953125 0.6240079359374999 0.81878306875 0.627976190625 0.8111772484375 0.6341765875 0.8042328046874999 0.643601190625 0.7999338625 0.6393849203124999 0.7857142859375 0.6423611109375 0.7827380953125 0.6470734125 0.7774470906250001 0.6483134921875 0.7754629625 0.6498015875 0.7748015875 0.6525297625 0.7771164015625 0.65674603125
0 0.1835317453125 0.5870535718750001 0.197089946875 0.5828373015625 0.2053571421875 0.577380953125 0.21031746093749998 0.572420634375 0.2251984125 0.571924603125 0.22850529062499997 0.5711805562500001 0.2301587296875 0.5691964281249999 0.2380952375 0.5689484125 0.24007936562499999 0.5679563484375 0.24007936562499999 0.56572420625 0.23478835937500003 0.5642361109375 0.2354497359375 0.563244046875 0.2331349203125 0.56299603125 0.23082010625 0.5602678578125 0.2179232796875 0.5577876984375 0.209325396875 0.5431547625 0.19973544999999998 0.5357142859375 0.184523809375 0.531001984375 0.1709656078125 0.530505953125 0.1574074078125 0.5334821421875 0.15013227499999998 0.536954365625 0.1415343921875 0.544394840625 0.1365740734375 0.5523313484375 0.1352513234375 0.5610119046875 0.1375661375 0.5704365078125 0.1425264546875 0.5768849203124999 0.1514550265625 0.5830853171875 0.166005290625 0.5873015875 0.178240740625 0.58779761875 0.1835317453125 0.5870535718750001
2 0.49570105781249996 0.57762896875 0.502645503125 0.577876984375 0.5112433859375 0.5761408734375 0.51917989375 0.580853175 0.5300925921874999 0.5835813484375 0.5390211640625 0.583829365625 0.553240740625 0.5801091265625 0.565806878125 0.5706845234375 0.5691137562499999 0.565972221875 0.571759259375 0.5575396828125 0.5714285718750001 0.549603175 0.56845238125 0.5429067453124999 0.5621693125 0.5359623015625 0.5539021156249999 0.530505953125 0.5426587296875 0.5275297625 0.534391534375 0.5270337296875 0.5248015875 0.528273809375 0.51818783125 0.53075396875 0.509920634375 0.5357142859375 0.5046296296875 0.54092261875 0.5003306875 0.5486111109375 0.49933862500000004 0.559027778125 0.49140211562499997 0.563244046875 0.48776454999999996 0.5694444437499999 0.48842592656250006 0.5736607140625 0.4923941796875 0.5763888890625 0.49570105781249996 0.57762896875
0 0.653769840625 0.5208333328125 0.6580687828125 0.5203373015625 0.662367725 0.518353175 0.6732804234375 0.5173611109375 0.6957671953125 0.5104166671875 0.7073412703125 0.50322420625 0.7113095234375 0.4990079359375 0.7146164015625 0.49305555625 0.715939153125 0.48809523749999995 0.715608465625 0.48065476250000005 0.7113095234375 0.471230159375 0.7073412703125 0.46676587343750003 0.7017195765625 0.46279761875 0.6855158734375 0.45709325468750006 0.6729497359375001 0.45634920625 0.659391534375 0.459325396875 0.6481481484375 0.46552579375 0.6415343921875001 0.471478175 0.637896825 0.4766865078125 0.6375661375 0.4890873015625 0.640873015625 0.49925595312500004 0.6428571421875 0.5012400796875001 0.6428571421875 0.5052083328125 0.6448412703125 0.5069444437499999 0.6425264546875 0.513144840625 0.6474867718749999 0.518105159375 0.6474867718749999 0.5195932546875001 0.6455026453125 0.5208333328125 0.646494709375 0.5220734125 0.652777778125 0.5220734125 0.653769840625 0.5208333328125
0 0.3250661375 0.48115079375 0.328703703125 0.47594246093750003 0.33101851875 0.4697420640625 0.3296957671875 0.459325396875 0.3230820109375 0.44965277812500004 0.31150793593750004 0.44196428593750003 0.29794973593749996 0.43799603125 0.2827380953125 0.43824404687499996 0.27149470937500003 0.44122023749999995 0.26124338593749996 0.44717261875 0.252976190625 0.455853175 0.2486772484375 0.45634920625 0.24371693125 0.4608134921875 0.24338624375 0.46478174531249994 0.24470899531249998 0.4670138890625 0.2486772484375 0.47098214218749995 0.25330687812499997 0.47296627031250005 0.25661375625 0.4794146828125 0.2625661375 0.4853670640625 0.2738095234375 0.49156746093750003 0.2883597890625 0.4947916671875 0.3022486765625 0.493799603125 0.3078703703125 0.4925595234375 0.3148148140625 0.4893353171875 0.3250661375 0.48115079375
0 0.1755952375 0.302579365625 0.16699735468750002 0.293898809375 0.1521164015625 0.286954365625 0.1421957671875 0.2849702375 0.12103174531250001 0.283730159375 0.11739417968750002 0.2854662703125 0.115410053125 0.28819444375000003 0.1048280421875 0.2956349203125 0.09920634843750001 0.3045634921875 0.0985449734375 0.3162202375 0.10284391562499999 0.3258928578125 0.112103175 0.33482142812500004 0.11904761875 0.3387896828125 0.1273148140625 0.3417658734375 0.1355820109375 0.34325396874999997 0.14451058125 0.34325396874999997 0.15839947031249998 0.341021825 0.171296296875 0.334325396875 0.177910053125 0.3258928578125 0.17989417968750002 0.3142361109375 0.1755952375 0.302579365625
1 0.40046296249999996 0.278521825 0.397156084375 0.2676091265625 0.403439153125 0.2604166671875 0.40178571406249997 0.2517361109375 0.397156084375 0.2487599203125 0.387896825 0.2477678578125 0.37830687812499997 0.2490079359375 0.3733465609375 0.2517361109375 0.35582010625 0.25099206406249996 0.347552909375 0.252480159375 0.339947090625 0.25595238125 0.3330026453125 0.2614087296875 0.32771164062499997 0.26884920625 0.3257275125 0.27430555624999997 0.325396825 0.2827380953125 0.32771164062499997 0.2904265875 0.3323412703125 0.296875 0.33928571406249997 0.302579365625 0.3478835984375 0.30654761875 0.3571428578125 0.3085317453125 0.36937830625 0.3087797625 0.37599206406249996 0.3075396828125 0.3892195765625 0.3018353171875 0.39748677187500003 0.2931547625 0.400132275 0.28571428593750003 0.40046296249999996 0.278521825
2 0.6524470906250001 0.35615079375 0.6580687828125 0.35044642812500004 0.6617063484375 0.34424603125000003 0.6633597890625 0.3373015875 0.6630290999999999 0.3303571421875 0.6574074078125001 0.3201884921875 0.6511243390625 0.314980159375 0.64351851875 0.3110119046875 0.6339285718750001 0.3087797625 0.6266534390625 0.3087797625 0.608796296875 0.312748015625 0.6005290999999999 0.31696428593750003 0.5925925921874999 0.325644840625 0.590277778125 0.33258928593750003 0.590939153125 0.3449900796875 0.596560846875 0.3544146828125 0.6054894187500001 0.3606150796875 0.615410053125 0.3643353171875 0.6167328046875 0.3737599203125 0.61937830625 0.37822420625 0.625661375 0.38194444375000003 0.6316137562499999 0.38169642812500004 0.6385582015625 0.3762400796875 0.640542328125 0.3707837296875 0.641203703125 0.362351190625 0.6524470906250001 0.35615079375
1 0.7301587296875 0.318204365625 0.7334656078124999 0.3075396828125 0.7331349203124999 0.297619046875 0.7301587296875 0.291170634375 0.7261904765625 0.2862103171875 0.7172619046875 0.28025793593750004 0.7070105812499999 0.2770337296875 0.69973545 0.2762896828125 0.6914682546875001 0.2762896828125 0.6825396828125 0.278521825 0.6739417984375 0.2824900796875 0.6673280421875 0.287450396875 0.662367725 0.29365079375 0.659060846875 0.3020833328125 0.658730159375 0.3072916671875 0.6613756609375 0.3172123015625 0.6673280421875 0.3244047625 0.6742724875 0.32911706406249996 0.688161375 0.3328373015625 0.7083333328125 0.3323412703125 0.715608465625 0.33680555624999997 0.7228835984375 0.3387896828125 0.7294973546875 0.3385416671875 0.734457671875 0.33506944375000003 0.735119046875 0.325644840625 0.7301587296875 0.318204365625
1 0.5710978843750001 0.4362599203125 0.572420634375 0.424851190625 0.5697751328125 0.41617063437499996 0.5615079359374999 0.4072420640625 0.5499338625 0.40178571406249997 0.5416666671875 0.400049603125 0.534391534375 0.3998015875 0.5244709000000001 0.4012896828125 0.514880953125 0.4050099203125 0.5052910046875 0.412450396875 0.4996693125 0.42237103125 0.4890873015625 0.42385912656249997 0.4828042328125 0.42633928593750003 0.48082010625000005 0.4283234125 0.4791666671875 0.43055555625 0.4794973546875 0.43303571406249997 0.4894179890625 0.43948412656249997 0.5019841265625 0.44171627031250005 0.5102513234375 0.4481646828125 0.5198412703125 0.452876984375 0.5297619046875 0.45510912656249997 0.5396825390625 0.45510912656249997 0.546957671875 0.4541170640625 0.5555555562500001 0.4513888890625 0.565476190625 0.44469246093750003 0.5710978843750001 0.4362599203125